0.7404385 0
0.7732538 0
0.8029949 0
0.8329045 0
0.8628032 0
0.8985594 0
0.9303983 0
0.9658209 0
1.000983 0
1.036086 0
1.068286 0
1.100985 0
1.134409 0
1.166721 0
1.198972 0
1.228815 0
1.258936 0
1.287592 0
1.316789 0
1.344643 0
1.372627 0
1.399792 0
1.426859 0
1.45479 0
1.481081 0
1.5082 0
1.53399 0
1.561301 0
1.588607 0
1.614198 0
1.642125 0
1.670461 0
1.698559 0
1.724879 0
1.752406 0
1.789146 0
1.815535 0
1.842489 0
1.869324 0
1.895827 0
1.923277 0
1.950397 0
1.978109 0
2.005861 0
2.034258 0
2.062318 0
2.089671 0
2.116998 0
2.145649 0
2.173648 0
2.201728 0
2.228959 0
2.2565 0
2.28425 0
2.312338 0
2.341309 0
2.368698 0
2.396012 0
2.423868 0
2.452077 0
2.479659 0
2.508091 0
2.536517 0
2.564606 0
2.592744 0
2.621079 0
2.64904 0
2.677186 0
2.705752 0
2.733934 0
2.76235 0
2.789997 0
2.817682 0
2.845294 0
2.874051 0
2.90098 0
2.929021 0
2.956944 0
2.985361 0
3.013656 0
3.042166 0
3.070103 0
3.098201 0
3.126692 0
3.15485 0
3.183157 0
3.211472 0
3.239443 0
3.268015 0
3.296604 0
3.325403 0
3.352685 0
3.381272 0
3.410019 0
3.438565 0
3.467867 0
3.496408 0
3.524802 0
3.553303 0
3.581081 0
3.609596 0
3.63834 0
3.667187 0
3.696612 0
3.724773 0
3.7539 0
3.782998 0
3.81208 0
3.840827 0
3.869669 0
3.899257 0
3.928889 0
3.959375 0
3.988833 0
4.018096 0
4.046991 0
4.076732 0
4.105508 0
4.135069 0
4.164716 0
4.194675 0
4.225076 0
4.255676 0
4.285393 0
4.314586 0
4.343367 0
4.373908 0
4.402844 0
4.432834 0
4.462162 0
4.491527 0
4.521356 0
4.551166 0
4.581047 0
4.610412 0
4.639122 0
4.667744 0
4.696306 0
4.725217 0
4.753896 0
4.782407 0
4.8111 0
4.840073 0
4.870061 0
4.89795 0
4.926464 0
4.955143 0
4.983859 0
5.012555 0
5.042952 0
5.071272 0
5.09953 0
5.12836 0
5.156558 0
5.184671 0
5.21351 0
5.242801 0
5.270733 0
5.299882 0
5.328364 0
5.35734 0
5.385807 0
5.414396 0
5.442175 0
5.469168 0
5.495541 0
5.520595 0
5.54651 0
5.573533 0
5.598444 0
5.624084 0
5.650696 0
5.675857 0
5.700883 0
5.727256 0
5.752827 0
5.77896 0
5.805294 0
5.832626 0
5.860157 0
5.888384 0
5.916804 0
5.945527 0
5.973867 0
6.002677 0
6.03109 0
6.059793 0
6.089347 0
6.119924 0
6.149522 0
6.179771 0
6.208879 0
6.238403 0
6.267918 0
6.297293 0
6.32705 0
6.357664 0
6.38771 0
6.419539 0
6.451064 0
6.480918 0
6.513004 0
6.543997 0
6.575733 0
6.607254 0
6.639173 0
6.671976 0
6.704869 0
6.738425 0
6.771682 0
6.805499 0
6.840906 0
6.876533 0
6.912676 0
6.959746 0
6.995086 0
7.031167 0
7.066717 0
7.10264 0
7.141045 0
7.177978 0
7.214686 0
7.253088 0
7.291498 0
7.334395 0
7.372932 0
7.409627 0
7.447011 0
7.484334 0
7.542922 0
7.581223 0
7.618727 0
7.655522 0
7.692709 0
7.729264 0
7.766477 0
7.803351 0
7.840917 0
7.878307 0
7.91509 0
7.953821 0
7.989294 0
8.025899 0
8.061816 0
8.098292 0
8.13468 0
8.172103 0
8.209891 0
8.248451 0
8.288055 0
8.326213 0
8.365326 0
8.403177 0
8.442025 0
8.480621 0
8.521079 0
8.55972 0
8.598156 0
8.636253 0
8.675505 0
8.713439 0
8.751623 0
8.789867 0
8.827489 0
8.865135 0
8.904377 0
8.942695 0
8.980914 0
9.019998 0
9.059723 0
9.098129 0
9.13615 0
9.174197 0
9.213267 0
9.252465 0
9.292459 0
9.332945 0
9.373187 0
9.412902 0
9.452349 0
9.491079 0
9.53064 0
9.56981 0
9.608986 0
9.647136 0
9.684674 0
9.722457 0
9.760626 0
9.798334 0
9.836206 0
9.874726 0
9.913345 0
9.951412 0
9.989479 0
10.02742 0
10.06558 0
10.1041 0
10.14182 0
10.17946 0
10.21691 0
10.25467 0
10.29385 0
10.33171 0
10.36972 0
10.40775 0
10.44582 0
10.48431 0
10.52188 0
10.55991 0
10.59864 0
10.63754 0
10.67814 0
10.71763 0
10.75706 0
10.80228 0
10.84551 0
10.885 0
10.92253 0
10.96264 0
11.0007 0
11.03885 0
11.07824 0
11.11738 0
11.15696 0
11.19603 0
11.23368 0
11.27206 0
11.31058 0
11.34838 0
11.38679 0
11.42667 0
11.46459 0
11.50267 0
11.55126 0
11.58928 0
11.6272 0
11.6648 0
11.70251 0
11.73973 0
11.7765 0
11.81387 0
11.85234 0
11.891 0
11.9314 0
11.96936 0
12.00556 0
12.04362 0
12.08741 0
12.12878 0
12.16708 0
12.20457 0
12.24219 0
12.27965 0
12.31787 0
12.3566 0
12.3948 0
12.43305 0
12.47067 0
12.50887 0
12.54659 0
12.58427 0
12.62161 0
12.65962 0
12.69726 0
12.73526 0
12.77325 0
12.81113 0
12.84884 0
12.88623 0
12.92427 0
12.96348 0
13.0002 0
13.04995 0
13.08785 0
13.12652 0
13.16429 0
13.20176 0
13.23889 0
13.27828 0
13.31784 0
13.35585 0
13.39398 0
13.43357 0
13.47198 0
13.51499 0
13.55278 0
13.59139 0
13.62921 0
13.6679 0
13.70681 0
13.74646 0
13.78628 0
13.82625 0
13.86451 0
13.90312 0
13.94211 0
13.98099 0
14.02044 0
14.05897 0
14.09701 0
14.13439 0
14.173 0
14.21167 0
14.24996 0
14.28772 0
14.32613 0
14.36491 0
14.40373 0
14.44247 0
14.48163 0
14.5212 0
14.56017 0
14.59917 0
14.64061 0
14.67867 0
14.71684 0
14.75554 0
14.79633 0
