5.930144 0
5.964427 0
6.012041 0
6.04668 0
6.079276 0
6.111588 0
6.143394 0
6.172868 0
6.202242 0
6.243238 0
6.27185 0
6.310685 0
6.338319 0
6.366776 0
6.396232 0
6.423208 0
6.449779 0
6.47619 0
6.501091 0
6.525991 0
6.55089 0
6.575792 0
6.600693 0
6.625592 0
6.650492 0
6.675392 0
6.700295 0
6.725191 0
6.750092 0
6.774993 0
6.799892 0
6.824793 0
6.849691 0
6.874592 0
6.899493 0
6.924393 0
6.949292 0
6.974192 0
6.999092 0
7.024601 0
7.049503 0
7.074404 0
7.099302 0
7.124202 0
7.149103 0
7.174004 0
7.198902 0
7.22409 0
7.248992 0
7.273894 0
7.298793 0
7.323693 0
7.349439 0
7.379405 0
7.404309 0
7.429205 0
7.454105 0
7.479006 0
7.504135 0
7.535356 0
7.560255 0
7.585157 0
7.610057 0
7.638803 0
7.663702 0
7.689346 0
7.717265 0
7.742165 0
7.767934 0
7.792835 0
7.817738 0
7.842636 0
7.867536 0
7.895166 0
7.920778 0
7.946014 0
7.970914 0
7.998138 0
8.02304 0
8.049582 0
8.074483 0
8.099381 0
8.124282 0
8.149943 0
8.178419 0
8.204544 0
8.230312 0
8.257317 0
8.287002 0
8.357039 0
8.384199 0
8.410698 0
8.435599 0
8.460499 0
8.485401 0
8.510301 0
8.536627 0
8.565277 0
8.590231 0
8.615599 0
8.64286 0
8.66923 0
8.697353 0
8.724752 0
8.75498 0
8.784892 0
8.812861 0
8.842956 0
8.872252 0
8.897329 0
8.924804 0
8.953337 0
8.979038 0
9.005282 0
9.032506 0
9.059032 0
9.085989 0
9.114795 0
9.143941 0
9.175207 0
9.200108 0
9.226546 0
9.315627 0
9.480658 0
9.524071 0
9.565283 0
9.605634 0
9.64569 0
9.683908 0
9.722574 0
9.758394 0
9.794933 0
9.833246 0
9.876463 0
9.916485 0
9.957705 0
9.996556 0
10.03806 0
10.07345 0
10.11075 0
10.14853 0
10.18817 0
10.2243 0
10.26201 0
10.29861 0
10.33699 0
10.37337 0
10.41064 0
10.44953 0
10.48749 0
10.52443 0
10.58512 0
10.64781 0
10.67271 0
10.69761 0
10.72251 0
10.74741 0
10.77231 0
10.79721 0
10.82211 0
10.84701 0
10.87191 0
10.89681 0
10.92171 0
10.94661 0
10.97151 0
10.99641 0
11.02131 0
11.04621 0
11.07406 0
11.10322 0
11.13058 0
11.15869 0
11.18709 0
11.21506 0
11.24311 0
11.27011 0
11.29689 0
11.32379 0
11.35198 0
11.38043 0
11.40745 0
11.43496 0
11.46388 0
11.49224 0
11.52128 0
11.54993 0
11.57741 0
11.60641 0
11.63609 0
11.66624 0
11.6949 0
11.72563 0
11.75769 0
11.78708 0
11.81786 0
11.84776 0
11.87749 0
11.90777 0
11.93839 0
11.96893 0
11.9965 0
12.02702 0
12.05725 0
12.08795 0
12.11847 0
12.15156 0
12.18241 0
12.21293 0
12.24465 0
12.28675 0
12.33323 0
12.36467 0
12.39611 0
12.42648 0
12.45868 0
12.49033 0
12.52196 0
12.55378 0
12.58506 0
12.61599 0
12.64675 0
12.67711 0
12.70811 0
12.74171 0
12.77372 0
12.80852 0
12.84021 0
12.8731 0
12.90676 0
12.94226 0
12.97765 0
13.01353 0
13.04899 0
13.08813 0
13.12571 0
13.16147 0
13.20136 0
13.24154 0
13.27698 0
13.31298 0
13.34794 0
13.38271 0
13.41667 0
13.44945 0
13.48083 0
13.51215 0
13.5439 0
13.5761 0
13.60719 0
13.63866 0
13.66906 0
13.69924 0
13.73002 0
13.75876 0
13.79127 0
13.82278 0
13.85387 0
13.88387 0
13.91227 0
13.94485 0
13.97533 0
14.00876 0
14.03741 0
14.06675 0
14.0981 0
14.13096 0
14.20487 0
14.27091 0
14.33731 0
14.39825 0
14.46643 0
14.50449 0
14.55316 0
14.58239 0
14.61472 0
14.64781 0
14.68408 0
14.71794 0
14.7525 0
14.78968 0
14.81725 0
14.84537 0
14.87232 0
14.90144 0
14.92904 0
14.95511 0
14.98359 0
15.01064 0
15.03825 0
15.06448 0
15.09164 0
15.11714 0
15.14276 0
15.16869 0
15.19448 0
15.22008 0
15.24622 0
15.27742 0
15.30624 0
15.33205 0
15.35943 0
15.38651 0
15.41171 0
15.43893 0
15.46627 0
15.49141 0
15.51764 0
15.54435 0
15.57228 0
15.59747 0
15.62492 0
15.65109 0
15.67617 0
15.7016 0
15.72737 0
15.75319 0
15.77837 0
15.80539 0
15.83324 0
15.85923 0
15.88487 0
15.91146 0
15.94574 0
15.97375 0
16.00043 0
16.02895 0
16.05854 0
16.08735 0
16.11849 0
16.14855 0
16.17969 0
16.21133 0
16.24689 0
16.28058 0
16.31406 0
16.34798 0
16.38173 0
16.41607 0
16.44888 0
16.48177 0
16.51442 0
16.54732 0
16.58013 0
16.61208 0
16.65686 0
16.6868 0
16.71629 0
16.74907 0
16.77838 0
16.8084 0
16.8416 0
16.87436 0
16.90448 0
16.93457 0
16.96468 0
16.99535 0
17.02661 0
17.05644 0
17.08668 0
17.11571 0
17.14577 0
17.17566 0
17.20503 0
17.23353 0
17.27694 0
17.34254 0
17.37514 0
17.40085 0
17.42712 0
17.45455 0
17.4812 0
17.50989 0
17.54515 0
17.5724 0
17.59863 0
17.62353 0
17.64843 0
17.67333 0
17.69823 0
17.72313 0
17.74803 0
17.77293 0
17.79783 0
17.82273 0
17.84763 0
17.87253 0
17.89743 0
17.92233 0
17.94723 0
17.97213 0
17.99703 0
18.02193 0
18.04683 0
18.07173 0
18.09664 0
18.12153 0
18.14643 0
18.17133 0
18.19623 0
18.22113 0
18.24603 0
18.27093 0
18.29583 0
18.32073 0
18.34563 0
18.37053 0
18.39543 0
18.42033 0
18.44523 0
18.47013 0
18.49506 0
18.51993 0
18.54483 0
18.56973 0
18.59464 0
18.61953 0
18.64443 0
18.66933 0
18.69423 0
18.71913 0
18.74404 0
18.76893 0
18.79383 0
18.81874 0
18.84363 0
18.86853 0
18.89343 0
18.91833 0
18.94323 0
18.96813 0
18.99303 0
19.01793 0
19.04284 0
19.06773 0
19.09263 0
19.11753 0
19.14243 0
19.16733 0
19.19223 0
19.21713 0
19.24203 0
19.26693 0
19.29183 0
19.31673 0
19.34163 0
19.36653 0
19.39144 0
19.41633 0
19.44123 0
19.46613 0
19.49105 0
19.51593 0
19.54083 0
19.56577 0
19.59067 0
19.61557 0
19.64047 0
19.66537 0
19.69027 0
19.71518 0
19.74007 0
19.76497 0
19.78987 0
19.81477 0
19.83967 0
19.86458 0
19.88947 0
19.91437 0
19.93927 0
19.96418 0
19.98907 0
20.01398 0
20.03887 0
20.06378 0
20.08868 0
20.11357 0
20.13848 0
20.16338 0
20.18827 0
20.21317 0
20.23807 0
20.26298 0
20.28787 0
20.31277 0
20.33767 0
20.36257 0
20.38748 0
20.41237 0
20.43727 0
20.46218 0
20.48708 0
20.51197 0
20.53688 0
20.56177 0
20.58668 0
20.61157 0
20.63648 0
20.66137 0
20.68627 0
20.71119 0
20.73607 0
20.76097 0
20.78588 0
20.81078 0
20.83568 0
20.86057 0
20.88547 0
20.91037 0
20.93528 0
20.96017 0
20.98508 0
21.00998 0
21.03487 0
21.05977 0
21.08467 0
21.10957 0
21.13447 0
21.15937 0
21.18427 0
21.20917 0
21.23407 0
21.25898 0
21.28387 0
21.31482 0
21.33972 0
21.36462 0
21.38951 0
21.41442 0
21.43932 0
21.46422 0
21.48912 0
21.51402 0
21.53892 0
21.56382 0
21.58872 0
21.61362 0
21.63852 0
21.66342 0
21.68832 0
21.71322 0
21.73812 0
21.76302 0
21.78792 0
21.81282 0
21.83772 0
21.86262 0
21.88752 0
21.91242 0
21.93732 0
21.96223 0
21.98712 0
22.01202 0
22.03692 0
22.06182 0
22.08672 0
22.11162 0
22.13652 0
22.16143 0
22.18632 0
22.21122 0
22.23612 0
22.26102 0
22.28592 0
22.31081 0
22.33661 0
22.36152 0
22.38642 0
22.41132 0
22.43622 0
22.46112 0
22.48602 0
22.51092 0
22.53582 0
22.56072 0
22.58562 0
22.61052 0
22.63542 0
22.66032 0
22.68522 0
22.71012 0
22.73502 0
22.75992 0
22.78482 0
22.80972 0
22.83462 0
22.85952 0
22.88442 0
22.90932 0
22.93422 0
22.95912 0
22.98402 0
23.00892 0
23.03382 0
23.05872 0
23.08362 0
23.10852 0
23.13342 0
23.15832 0
23.18322 0
23.20812 0
23.23302 0
23.25792 0
23.28282 0
23.30772 0
23.33262 0
23.35752 0
23.38242 0
23.40732 0
23.43222 0
23.45712 0
23.48202 0
23.50692 0
23.53182 0
23.55672 0
23.58162 0
23.60652 0
23.63142 0
23.65632 0
23.68122 0
23.70612 0
23.73102 0
23.75592 0
23.78082 0
23.80572 0
23.83062 0
23.85552 0
23.88042 0
23.90532 0
23.93022 0
23.95514 0
23.98002 0
24.00492 0
24.04257 0
24.07687 0
24.10177 0
24.12667 0
24.15158 0
24.17648 0
24.20138 0
24.22627 0
24.25117 0
24.27608 0
24.30098 0
24.32587 0
24.35078 0
24.37568 0
24.40057 0
24.42547 0
24.45037 0
24.47527 0
24.50017 0
24.52507 0
24.54997 0
24.57487 0
24.59977 0
24.62467 0
24.64957 0
24.67447 0
24.69938 0
24.72427 0
24.75011 0
24.77745 0
24.80546 0
24.83378 0
24.8639 0
24.89522 0
24.92563 0
24.95658 0
24.98757 0
25.01845 0
25.04952 0
25.08031 0
25.11198 0
25.1441 0
25.17506 0
25.20645 0
25.23756 0
25.26847 0
25.29941 0
25.33034 0
25.36154 0
25.39317 0
25.42471 0
25.45563 0
25.48701 0
25.51971 0
25.55127 0
25.58226 0
25.61339 0
25.64475 0
25.67615 0
25.70753 0
25.73907 0
25.77083 0
25.80198 0
25.83413 0
25.86647 0
25.89901 0
25.93019 0
25.96161 0
25.99446 0
26.0264 0
26.0575 0
26.08896 0
26.11987 0
26.15098 0
26.18191 0
26.21296 0
26.24615 0
26.27755 0
26.30953 0
26.33904 0
26.36767 0
26.39582 0
26.42268 0
26.44942 0
26.47606 0
26.50181 0
26.52794 0
26.55371 0
26.57914 0
26.60404 0
26.62894 0
26.65384 0
26.67874 0
26.70364 0
26.72854 0
26.75344 0
26.77834 0
26.80324 0
26.82814 0
26.85304 0
26.87794 0
26.90284 0
26.92774 0
26.95264 0
26.97754 0
27.00244 0
27.02734 0
27.05224 0
27.07714 0
27.10204 0
27.12694 0
27.15184 0
27.17674 0
27.20164 0
27.22654 0
27.25144 0
27.27652 0
27.30205 0
27.32855 0
27.35436 0
27.37983 0
27.40659 0
27.43273 0
27.45868 0
27.4848 0
27.51081 0
27.53888 0
27.56543 0
27.5917 0
27.61762 0
27.64491 0
27.67138 0
27.69769 0
27.72375 0
27.75039 0
27.77609 0
27.80224 0
27.82853 0
27.85497 0
27.88123 0
27.90754 0
27.93377 0
27.96017 0
27.98643 0
28.01366 0
28.04075 0
28.06715 0
28.09317 0
28.11939 0
28.14566 0
28.17213 0
28.19971 0
28.22768 0
28.25383 0
28.28005 0
28.30713 0
28.33308 0
28.35948 0
28.38577 0
28.41221 0
28.43831 0
28.46453 0
28.49069 0
28.51697 0
28.54291 0
28.56857 0
28.59522 0
28.62211 0
28.64828 0
28.67436 0
28.70056 0
28.72583 0
28.75218 0
28.77884 0
28.80544 0
28.83114 0
28.85728 0
28.88301 0
28.90868 0
28.93457 0
28.96054 0
28.986 0
29.01155 0
29.03718 0
29.06284 0
29.0886 0
29.11453 0
29.14054 0
29.16663 0
29.19182 0
29.21752 0
29.24353 0
29.26956 0
29.29542 0
29.3215 0
29.3464 0
29.37166 0
29.39749 0
29.42373 0
29.44871 0
29.47361 0
29.49856 0
29.52435 0
29.5508 0
29.57589 0
29.60122 0
29.62626 0
29.65141 0
29.67648 0
29.70185 0
29.72681 0
29.75176 0
29.77788 0
29.80356 0
29.82865 0
29.85355 0
29.87845 0
29.90358 0
29.92958 0
29.96376 0
29.9896 0
30.01508 0
30.04074 0
30.06734 0
30.09364 0
30.11957 0
30.14553 0
30.17152 0
30.19744 0
30.22322 0
30.2493 0
30.27504 0
30.30096 0
30.32677 0
30.35288 0
30.37876 0
30.40493 0
30.43057 0
30.45604 0
30.48168 0
30.50784 0
30.53304 0
30.55943 0
30.58433 0
30.61063 0
30.63656 0
30.66253 0
30.6883 0
30.71407 0
30.73964 0
30.76498 0
30.79046 0
30.81587 0
30.84147 0
30.86712 0
30.89322 0
30.91865 0
30.94429 0
30.96991 0
30.99554 0
31.02083 0
31.04617 0
31.07141 0
31.09665 0
31.12192 0
31.14711 0
31.17238 0
31.198 0
31.22391 0
31.25018 0
31.27651 0
31.30313 0
31.3314 0
31.36039 0
31.38907 0
31.4176 0
31.44574 0
31.47399 0
31.50393 0
31.53268 0
31.5628 0
31.59315 0
31.62346 0
31.65371 0
31.68399 0
31.71395 0
31.74426 0
31.7745 0
31.80491 0
31.83765 0
31.86802 0
31.89862 0
31.92955 0
31.96099 0
31.9908 0
32.02099 0
32.05138 0
32.08176 0
32.11227 0
32.14334 0
32.17414 0
32.20689 0
32.23891 0
32.26959 0
32.30014 0
32.34031 0
32.36994 0
32.40022 0
32.42981 0
32.46165 0
32.49375 0
32.52496 0
32.5567 0
32.58746 0
32.60746 0
32.62746 0
32.65513 0
32.68682 0
32.71722 0
32.74744 0
32.7789 0
32.80981 0
32.84221 0
32.87419 0
32.90725 0
32.93874 0
32.97108 0
33.00222 0
33.03463 0
33.06614 0
33.09715 0
33.12847 0
33.15923 0
33.18963 0
33.21954 0
33.25005 0
33.28079 0
33.31075 0
33.3409 0
33.37093 0
33.40156 0
33.43068 0
33.46123 0
33.4918 0
33.52172 0
33.5517 0
33.5808 0
33.61063 0
33.64021 0
33.67221 0
33.70118 0
33.73005 0
33.75829 0
33.78815 0
33.81621 0
33.84487 0
33.87295 0
33.90154 0
33.92966 0
33.95727 0
33.9862 0
34.01652 0
34.0442 0
34.07259 0
34.10082 0
34.12817 0
34.15585 0
34.18428 0
34.21646 0
34.24368 0
34.27102 0
34.29855 0
34.32616 0
34.35342 0
34.38143 0
34.40896 0
34.43598 0
34.46334 0
34.49056 0
34.51794 0
34.54767 0
34.5755 0
34.60255 0
34.63053 0
34.65862 0
34.68747 0
34.71613 0
34.74497 0
34.77231 0
34.79946 0
34.8265 0
34.85379 0
34.8815 0
34.90851 0
34.93598 0
34.96196 0
34.9883 0
35.01469 0
35.04022 0
35.06794 0
35.09444 0
35.11966 0
35.14457 0
35.16946 0
35.19437 0
35.21927 0
35.24417 0
35.26907 0
35.29397 0
35.31887 0
35.34377 0
35.36867 0
35.39357 0
35.41847 0
35.44337 0
35.46827 0
35.49317 0
35.51807 0
35.54297 0
35.56787 0
35.59277 0
35.61767 0
35.64257 0
35.66747 0
35.69237 0
35.71727 0
35.74217 0
35.76707 0
35.79197 0
35.81687 0
35.84177 0
35.86667 0
35.89157 0
35.91647 0
35.94137 0
35.96627 0
35.99117 0
36.01607 0
36.04097 0
36.06587 0
36.09077 0
36.11567 0
36.14057 0
36.16547 0
36.19037 0
36.21527 0
36.24017 0
36.26507 0
36.28997 0
36.31487 0
36.33977 0
36.36467 0
36.38957 0
36.41447 0
36.43937 0
36.46427 0
36.48917 0
36.51407 0
36.53897 0
36.56387 0
36.58877 0
36.61367 0
36.63857 0
36.66347 0
36.68839 0
36.71327 0
36.73817 0
36.76307 0
36.78797 0
36.81287 0
36.83777 0
36.86267 0
36.88757 0
36.91247 0
36.93737 0
36.96227 0
36.98717 0
37.01207 0
37.03697 0
37.06187 0
37.08677 0
37.11167 0
37.13657 0
37.16147 0
37.18637 0
37.21127 0
37.23617 0
37.26107 0
37.28597 0
37.31087 0
37.33577 0
37.36067 0
37.38557 0
37.41047 0
37.43537 0
37.46027 0
37.48517 0
37.51007 0
37.53497 0
37.55987 0
37.58477 0
37.60968 0
37.63457 0
37.65947 0
37.68437 0
37.70927 0
37.73417 0
37.75907 0
37.78397 0
37.80887 0
37.83377 0
37.85867 0
37.88357 0
37.90847 0
37.93337 0
37.95827 0
37.98317 0
38.00807 0
38.03297 0
38.05787 0
38.08277 0
38.10767 0
38.13257 0
38.15747 0
38.18238 0
38.20727 0
38.23217 0
38.25707 0
38.28197 0
38.31422 0
38.37854 0
38.40345 0
38.42835 0
38.45324 0
38.47815 0
38.50305 0
38.52794 0
38.55285 0
38.57774 0
38.60265 0
38.62754 0
38.65256 0
38.67737 0
38.70224 0
38.72714 0
38.75204 0
38.77694 0
38.80184 0
38.82674 0
38.85164 0
38.87654 0
38.90145 0
38.92634 0
38.95124 0
38.97615 0
39.00105 0
39.02594 0
39.05084 0
39.07574 0
39.10064 0
39.12554 0
39.15044 0
39.17534 0
39.20024 0
39.22514 0
39.25004 0
39.27494 0
39.29984 0
39.32475 0
39.34964 0
39.37455 0
39.39944 0
39.42434 0
39.44925 0
39.47414 0
39.49904 0
39.52395 0
39.54884 0
39.57374 0
39.59864 0
39.62354 0
39.64845 0
39.67334 0
39.69824 0
39.72314 0
39.74804 0
39.77295 0
39.79784 0
39.82275 0
39.84764 0
39.87255 0
39.89744 0
39.92234 0
39.94724 0
39.97214 0
39.99705 0
40.02194 0
40.04684 0
40.07174 0
40.09665 0
40.12155 0
40.14644 0
40.17135 0
40.19624 0
40.22114 0
40.24604 0
40.27094 0
40.29584 0
40.32074 0
40.34564 0
40.37056 0
40.39544 0
40.42034 0
40.44524 0
40.47014 0
40.49504 0
40.51994 0
40.54485 0
40.56974 0
40.59464 0
40.61954 0
40.64444 0
40.66934 0
40.69424 0
40.71914 0
40.74405 0
40.76894 0
40.79385 0
40.81874 0
40.84364 0
40.86854 0
40.89344 0
40.91835 0
40.94324 0
40.97424 0
40.99914 0
41.02404 0
41.04894 0
41.07384 0
41.09874 0
41.12364 0
41.14854 0
41.17344 0
41.19834 0
41.22324 0
41.24814 0
41.27304 0
41.29794 0
41.32284 0
41.34774 0
41.37264 0
41.39754 0
41.42244 0
41.44734 0
41.47224 0
41.49714 0
41.52204 0
41.54694 0
41.57184 0
41.59674 0
41.62164 0
41.64811 0
41.67302 0
41.69792 0
41.72282 0
41.74771 0
41.77262 0
41.79752 0
41.82241 0
41.84732 0
41.87222 0
41.91647 0
41.98403 0
42.01505 0
42.05028 0
42.081 0
42.11086 0
42.13576 0
42.1687 0
42.2017 0
42.23232 0
42.25722 0
42.28932 0
42.31423 0
42.34682 0
42.3777 0
42.40813 0
42.44099 0
42.47324 0
42.49815 0
42.53676 0
42.56905 0
42.60072 0
42.62562 0
42.65862 0
42.69338 0
42.73159 0
42.76552 0
42.79043 0
42.82463 0
42.85851 0
42.89487 0
42.93094 0
42.96547 0
42.99036 0
43.02454 0
43.05886 0
43.093 0
43.12815 0
43.16413 0
43.18904 0
43.22572 0
43.26146 0
43.29832 0
43.32322 0
43.36448 0
43.4066 0
43.43151 0
43.47345 0
43.51361 0
43.55553 0
43.5964 0
43.63538 0
43.66029 0
43.70462 0
43.72952 0
43.77571 0
43.81645 0
43.86768 0
43.89259 0
43.93902 0
43.97823 0
44.0176 0
44.04251 0
44.08287 0
44.1217 0
44.15876 0
44.18366 0
44.22223 0
44.25874 0
44.29616 0
44.33354 0
44.36917 0
44.39408 0
44.43834 0
44.47613 0
44.5124 0
44.5373 0
44.58144 0
44.62227 0
44.66422 0
44.70205 0
44.72695 0
44.76329 0
44.79877 0
44.83418 0
44.8707 0
44.90798 0
44.93289 0
44.97092 0
45.01151 0
45.051 0
45.0759 0
45.1131 0
45.14981 0
45.18657 0
45.21147 0
45.25614 0
45.29392 0
45.33406 0
45.37529 0
45.41526 0
45.44017 0
45.48123 0
45.50613 0
45.5495 0
45.58911 0
45.6279 0
45.65281 0
45.69545 0
45.73504 0
45.7751 0
45.8 0
45.84433 0
45.86923 0
45.91544 0
45.95535 0
45.99532 0
46.02023 0
46.06441 0
46.10591 0
46.14523 0
46.17014 0
46.21685 0
46.26864 0
46.31491 0
46.35778 0
46.39934 0
46.43927 0
46.4802 0
46.51765 0
46.55305 0
46.58841 0
46.62352 0
46.65797 0
46.69122 0
46.72441 0
46.75888 0
46.79231 0
46.82444 0
46.85636 0
46.88778 0
46.92036 0
46.95218 0
46.98447 0
47.01575 0
47.04645 0
47.08028 0
47.11167 0
47.14246 0
47.17551 0
47.20881 0
47.24251 0
47.27686 0
47.31293 0
47.34694 0
47.38171 0
47.41577 0
47.4515 0
47.4871 0
47.52299 0
47.55769 0
47.59742 0
47.63347 0
47.66831 0
47.7038 0
47.73841 0
47.77535 0
47.81152 0
47.84373 0
47.87661 0
47.90891 0
47.94223 0
47.97262 0
48.00515 0
48.03677 0
48.06765 0
48.09877 0
48.12892 0
48.15907 0
48.1897 0
48.2374 0
48.2691 0
48.29948 0
48.32991 0
48.36263 0
48.39416 0
48.42641 0
48.45877 0
48.49047 0
48.52153 0
48.5523 0
48.58715 0
48.6173 0
48.6495 0
48.68213 0
48.71673 0
48.74824 0
48.77996 0
48.81151 0
48.84204 0
48.87279 0
48.90364 0
48.93417 0
48.96358 0
48.99411 0
49.02345 0
49.054 0
49.08365 0
49.11325 0
49.14352 0
49.17314 0
49.20119 0
49.23289 0
49.26172 0
49.29143 0
49.32133 0
49.35124 0
49.38191 0
49.41178 0
49.44384 0
49.47535 0
49.50409 0
49.53406 0
49.56247 0
49.58989 0
49.61686 0
49.6447 0
49.6741 0
49.70387 0
49.73097 0
49.75837 0
49.78612 0
49.81616 0
49.8457 0
49.87567 0
49.90406 0
49.93203 0
49.97045 0
49.99662 0
50.0247 0
50.05076 0
50.07868 0
50.10759 0
50.1353 0
50.162 0
50.19255 0
50.22004 0
50.24773 0
50.27642 0
50.3044 0
50.33215 0
50.3615 0
50.38866 0
50.41757 0
50.44701 0
50.47765 0
50.50747 0
50.53889 0
50.56824 0
50.5977 0
50.62893 0
50.66091 0
50.69371 0
50.72771 0
50.76295 0
50.7975 0
50.83076 0
50.8664 0
50.90003 0
50.9345 0
50.96757 0
51.00155 0
51.03664 0
51.06983 0
51.10344 0
51.13721 0
51.17096 0
51.20599 0
51.24001 0
51.2741 0
51.30763 0
51.34155 0
51.37657 0
51.41018 0
51.44408 0
51.47835 0
51.50326 0
51.53873 0
51.57357 0
51.60885 0
51.64716 0
51.68658 0
51.72327 0
51.74818 0
51.78643 0
51.8225 0
51.87158 0
51.89648 0
51.93052 0
51.96802 0
52.00298 0
52.04048 0
52.07351 0
52.09841 0
52.13349 0
52.15839 0
52.19305 0
52.22957 0
52.26146 0
52.28636 0
52.32127 0
52.35404 0
52.38935 0
52.42096 0
52.45242 0
52.47733 0
52.50951 0
52.54263 0
52.57219 0
52.59709 0
52.6278 0
52.65271 0
52.68617 0
52.71858 0
52.75039 0
52.78581 0
52.82079 0
52.84569 0
52.88254 0
52.91598 0
52.94814 0
52.97878 0
53.0098 0
53.04129 0
53.07205 0
53.09695 0
53.1283 0
53.15321 0
53.18341 0
53.21681 0
53.24686 0
53.28031 0
53.31289 0
53.3378 0
53.37175 0
53.4067 0
53.44008 0
53.46499 0
53.50099 0
53.53666 0
53.56719 0
53.60024 0
53.63472 0
53.65962 0
53.69583 0
53.73153 0
53.76529 0
53.7902 0
53.82399 0
53.8582 0
53.89154 0
53.92644 0
53.95912 0
53.98403 0
54.03141 0
54.06278 0
54.08768 0
54.12245 0
54.15565 0
54.18682 0
54.22332 0
54.25845 0
54.28336 0
54.31872 0
54.34912 0
54.38197 0
54.41367 0
54.43858 0
54.47242 0
54.49732 0
54.52966 0
54.5598 0
54.59277 0
54.6248 0
54.66204 0
54.68694 0
54.72073 0
54.75361 0
54.78462 0
54.81886 0
54.85048 0
54.88489 0
54.91949 0
54.9444 0
54.97773 0
55.01025 0
55.04354 0
55.07589 0
55.1008 0
55.13202 0
55.16481 0
55.19728 0
55.22716 0
55.25747 0
55.28783 0
55.31788 0
55.34938 0
55.38332 0
55.41492 0
55.43983 0
55.47087 0
55.49577 0
55.52801 0
55.56238 0
55.59376 0
55.61866 0
55.65076 0
55.67567 0
55.7077 0
55.73985 0
55.77118 0
55.80162 0
55.83212 0
55.85702 0
55.89049 0
55.92183 0
55.95263 0
55.97754 0
56.00781 0
56.03272 0
56.06516 0
56.09782 0
56.12856 0
56.17141 0
56.20374 0
56.22865 0
56.25967 0
56.28996 0
56.31487 0
56.34769 0
56.37877 0
56.41018 0
56.44223 0
56.47404 0
56.50617 0
56.53834 0
56.57361 0
56.60506 0
56.63679 0
56.66716 0
56.70037 0
56.73313 0
56.76356 0
56.79727 0
56.83312 0
56.86773 0
56.90493 0
56.93874 0
56.97298 0
57.00826 0
57.04485 0
57.08171 0
57.11587 0
57.15171 0
57.1889 0
57.2266 0
57.26413 0
57.2998 0
57.33976 0
57.38052 0
57.42187 0
57.46104 0
57.50042 0
57.53915 0
57.57918 0
57.61661 0
57.65752 0
57.69504 0
57.7332 0
57.76973 0
57.80567 0
57.84353 0
57.88146 0
57.92117 0
57.95676 0
57.99331 0
58.02858 0
58.06652 0
58.10521 0
58.14116 0
58.17792 0
58.21381 0
58.24807 0
58.2979 0
58.33221 0
58.36858 0
58.40515 0
58.44115 0
58.47787 0
58.51261 0
58.54771 0
58.58234 0
58.61935 0
58.65421 0
58.68887 0
58.72371 0
58.7614 0
58.79898 0
58.83382 0
58.87036 0
58.91125 0
58.94839 0
58.98829 0
59.02608 0
59.0643 0
59.10095 0
59.1375 0
59.17228 0
59.20841 0
59.2429 0
59.27854 0
59.31407 0
59.34918 0
59.38588 0
59.42275 0
59.45833 0
59.49621 0
59.53185 0
59.56659 0
59.6026 0
59.63905 0
59.67605 0
59.71125 0
59.74664 0
59.78223 0
59.81753 0
59.85367 0
59.88844 0
59.92297 0
59.95859 0
59.99245 0
60.02929 0
60.06329 0
60.09917 0
60.13494 0
60.17204 0
60.21049 0
60.2468 0
60.28273 0
60.32146 0
60.36821 0
60.40308 0
60.43933 0
60.47332 0
60.50706 0
60.54091 0
60.57716 0
60.6114 0
60.6448 0
60.68277 0
60.71549 0
60.75357 0
60.78938 0
60.8242 0
60.86095 0
60.8985 0
60.93715 0
60.9737 0
61.0099 0
61.0449 0
61.07958 0
61.11552 0
61.14999 0
61.18704 0
61.22131 0
61.25563 0
61.29133 0
61.32675 0
61.36181 0
61.39896 0
61.43301 0
61.47166 0
61.50489 0
61.53984 0
61.56474 0
61.59953 0
61.63587 0
61.67057 0
61.70544 0
61.73034 0
61.76282 0
61.79762 0
61.83023 0
61.86404 0
61.89982 0
61.92473 0
61.95844 0
61.99278 0
62.02954 0
62.06311 0
62.08802 0
62.12132 0
62.15414 0
62.18524 0
62.21814 0
62.25048 0
62.28556 0
62.31695 0
62.34185 0
62.37668 0
62.4125 0
62.45956 0
62.49015 0
62.51505 0
62.54655 0
62.58295 0
62.61777 0
62.64267 0
62.67834 0
62.71188 0
62.74681 0
62.78212 0
62.80703 0
62.83808 0
62.87358 0
62.89848 0
62.93173 0
62.96514 0
62.99867 0
63.02357 0
63.05767 0
63.08945 0
63.12469 0
63.1583 0
63.1832 0
63.21681 0
63.25645 0
63.29821 0
63.33559 0
63.36049 0
63.39674 0
63.42164 0
63.45805 0
63.49503 0
63.53179 0
63.56798 0
63.59288 0
63.6278 0
63.66668 0
63.70444 0
63.72934 0
63.76671 0
63.80444 0
63.8399 0
63.8648 0
63.90247 0
63.93859 0
63.97487 0
64.01144 0
64.04777 0
64.07267 0
64.11118 0
64.14914 0
64.18479 0
64.20969 0
64.24558 0
64.28149 0
64.31804 0
64.34294 0
64.37843 0
64.41497 0
64.44942 0
64.48602 0
64.51093 0
64.54528 0
64.58099 0
64.61565 0
64.64953 0
64.68518 0
64.7198 0
64.74471 0
64.78038 0
64.82974 0
64.85465 0
64.88995 0
64.9247 0
64.96145 0
64.99726 0
65.03338 0
65.06862 0
65.10328 0
65.12818 0
65.16277 0
65.19763 0
65.23309 0
65.26864 0
65.3045 0
65.34126 0
65.3779 0
65.4028 0
65.44137 0
65.48117 0
65.52197 0
65.55997 0
65.58488 0
65.62222 0
65.66073 0
65.69776 0
65.73701 0
65.77679 0
65.81761 0
65.86147 0
65.89906 0
65.93807 0
65.97726 0
66.01395 0
66.03886 0
66.07807 0
66.11597 0
66.15558 0
66.19128 0
66.22981 0
66.25471 0
66.29043 0
66.3278 0
66.36536 0
66.39026 0
66.42894 0
66.46662 0
66.50237 0
66.5397 0
66.57402 0
66.61041 0
66.64732 0
66.68343 0
66.72082 0
66.75838 0
66.79483 0
66.83296 0
66.86951 0
66.90624 0
66.94048 0
66.97784 0
67.01588 0
67.05183 0
67.1001 0
67.13632 0
67.17167 0
67.20864 0
67.24483 0
67.27914 0
67.31628 0
67.3531 0
67.39022 0
67.44529 0
67.48074 0
67.51709 0
67.55209 0
67.58897 0
67.62457 0
67.65963 0
67.69521 0
67.72988 0
67.7675 0
67.80489 0
67.84258 0
67.88062 0
67.91824 0
67.95495 0
67.99235 0
68.03096 0
68.07127 0
68.10725 0
68.14267 0
68.17877 0
68.21609 0
68.25535 0
68.29188 0
68.32833 0
68.36552 0
68.40249 0
68.44209 0
68.4803 0
68.51815 0
68.55567 0
68.59383 0
68.63014 0
68.66791 0
68.70587 0
68.7454 0
68.78292 0
68.82072 0
68.85901 0
68.89925 0
68.93672 0
68.97379 0
69.0127 0
69.05219 0
69.09037 0
69.12806 0
69.16766 0
69.20909 0
69.25989 0
69.30035 0
69.33949 0
69.40434 0
69.46774 0
69.53732 0
69.60835 0
69.65041 0
69.69668 0
69.75993 0
69.80124 0
69.84219 0
69.87868 0
69.91576 0
69.95031 0
69.9845 0
70.01863 0
70.05253 0
70.09105 0
70.1268 0
70.16024 0
70.19414 0
70.22675 0
70.26099 0
70.29255 0
70.32407 0
70.3554 0
70.38673 0
70.42005 0
70.45129 0
70.48428 0
70.51717 0
70.54929 0
70.58343 0
70.61909 0
70.65426 0
70.68827 0
70.72279 0
70.75835 0
70.79238 0
70.82719 0
70.86442 0
70.90118 0
70.93858 0
70.97495 0
71.01096 0
71.0464 0
71.08234 0
71.11897 0
71.15469 0
71.19046 0
71.22688 0
71.26291 0
71.30003 0
71.33544 0
71.37119 0
71.40786 0
71.45676 0
71.49358 0
71.52953 0
71.56557 0
71.60158 0
71.63765 0
71.67471 0
71.71049 0
71.74686 0
71.77176 0
71.80807 0
71.84594 0
71.88318 0
71.90807 0
71.94598 0
71.98237 0
72.02072 0
72.04562 0
72.08232 0
72.11926 0
72.15639 0
72.19473 0
72.23399 0
72.2589 0
72.29433 0
72.33089 0
72.36542 0
72.39032 0
72.4257 0
72.46881 0
72.50551 0
72.5421 0
72.57706 0
72.60196 0
72.63937 0
72.67487 0
72.7149 0
72.75407 0
72.77898 0
72.81696 0
72.8508 0
72.88422 0
72.90912 0
72.94378 0
72.97722 0
73.00997 0
73.04281 0
73.07608 0
73.10098 0
73.13559 0
73.16849 0
73.2038 0
73.23896 0
73.26386 0
73.2996 0
73.33267 0
73.36892 0
73.4034 0
73.42831 0
73.46355 0
73.49736 0
73.53124 0
73.5654 0
73.59959 0
73.6245 0
73.66113 0
73.69665 0
73.72155 0
73.75907 0
73.80669 0
73.84322 0
73.87676 0
73.91111 0
73.94792 0
73.98307 0
74.00798 0
74.04432 0
74.08069 0
74.11527 0
74.14018 0
74.17577 0
74.2094 0
74.24371 0
74.28001 0
74.30492 0
74.33867 0
74.37433 0
74.39923 0
74.43339 0
74.46725 0
74.50399 0
74.53806 0
74.57473 0
74.61111 0
74.64412 0
74.66902 0
74.70323 0
74.73862 0
74.78154 0
74.81808 0
74.85642 0
74.89105 0
74.92607 0
74.95097 0
74.98695 0
75.03811 0
75.26674 0
75.2955 0
75.3204 0
75.34531 0
75.3702 0
75.4018 0
75.42696 0
75.45187 0
75.47677 0
75.50166 0
75.52657 0
75.55148 0
75.57637 0
75.60126 0
75.62617 0
75.65107 0
75.67597 0
75.70086 0
75.72681 0
75.75172 0
75.77662 0
75.80151 0
75.82642 0
75.85131 0
75.87623 0
75.90112 0
75.92601 0
75.95091 0
75.97581 0
76.00072 0
76.02561 0
76.05051 0
76.07542 0
76.10032 0
76.12521 0
76.15012 0
76.17502 0
76.19992 0
76.22482 0
76.24971 0
76.27462 0
76.29951 0
76.32442 0
76.34931 0
76.37421 0
76.39912 0
76.42401 0
76.44891 0
76.47382 0
76.49872 0
76.52362 0
76.54852 0
76.57341 0
76.59832 0
76.62321 0
76.64812 0
76.67301 0
76.69791 0
76.72282 0
76.74771 0
76.77261 0
76.79752 0
76.82241 0
76.84731 0
76.87222 0
76.89712 0
76.92202 0
76.94691 0
76.97182 0
76.99672 0
77.02162 0
77.04652 0
77.07142 0
77.09631 0
77.12122 0
77.14612 0
77.17101 0
77.19592 0
77.22082 0
77.24571 0
77.27061 0
77.29552 0
77.32041 0
77.34531 0
77.37022 0
77.39511 0
77.42001 0
77.44492 0
77.46981 0
77.49471 0
77.51962 0
77.54452 0
77.56941 0
77.59431 0
77.61921 0
77.64411 0
77.66901 0
77.69392 0
77.71881 0
77.74371 0
77.76862 0
77.79352 0
77.81841 0
77.84332 0
77.86821 0
77.89312 0
77.91801 0
77.94292 0
77.96781 0
77.99271 0
78.01762 0
78.04251 0
78.06741 0
78.09232 0
78.11722 0
78.14212 0
78.16702 0
78.19191 0
78.21681 0
78.24171 0
78.26662 0
78.29151 0
78.31641 0
78.34132 0
78.36621 0
78.39112 0
78.41602 0
78.44091 0
78.46581 0
78.49072 0
78.52441 0
78.54932 0
78.57421 0
78.59911 0
78.62402 0
78.64891 0
78.67381 0
78.69872 0
78.72361 0
78.74851 0
78.77341 0
78.79831 0
78.82321 0
78.84811 0
78.87302 0
78.89791 0
78.92281 0
78.94772 0
78.97261 0
78.99751 0
79.02242 0
79.04731 0
79.07221 0
79.09711 0
79.12202 0
79.14691 0
79.17181 0
79.19672 0
79.22161 0
79.24651 0
79.27142 0
79.29631 0
79.32121 0
79.34612 0
79.37101 0
79.39591 0
79.42081 0
79.44571 0
79.47061 0
79.49551 0
79.52042 0
79.54531 0
79.57021 0
79.59512 0
79.62001 0
79.64491 0
79.66982 0
79.69471 0
79.71961 0
79.74451 0
79.76941 0
79.79432 0
79.81921 0
79.84412 0
79.86901 0
79.89391 0
79.91882 0
79.94371 0
79.96861 0
79.99352 0
80.01841 0
80.04331 0
80.06821 0
80.09312 0
80.11801 0
80.14291 0
80.16782 0
80.19272 0
80.21761 0
80.24252 0
80.26741 0
80.29231 0
80.31721 0
80.34212 0
80.36701 0
80.39191 0
80.41682 0
80.44171 0
80.46661 0
80.49152 0
80.51641 0
80.54131 0
80.56621 0
80.59111 0
80.61601 0
80.64091 0
80.66581 0
80.69071 0
80.71561 0
80.75023 0
80.77513 0
80.80003 0
80.82494 0
80.84984 0
80.87473 0
80.89964 0
80.92453 0
80.94943 0
80.97433 0
80.99923 0
81.02413 0
81.04903 0
81.07393 0
81.09883 0
81.12373 0
81.14863 0
81.17353 0
81.19843 0
81.22334 0
81.24823 0
81.27313 0
81.29803 0
81.32293 0
81.34783 0
81.37273 0
81.39763 0
81.42253 0
81.44743 0
81.47234 0
81.49723 0
81.52213 0
81.54703 0
81.57209 0
81.59699 0
81.62189 0
81.6468 0
81.6717 0
81.69659 0
81.7215 0
81.7464 0
81.77129 0
81.7962 0
81.8211 0
81.84599 0
81.8709 0
81.8958 0
81.9207 0
81.94559 0
81.9705 0
81.9954 0
82.02029 0
82.0452 0
82.0701 0
82.09499 0
82.1199 0
82.1448 0
82.16969 0
82.1946 0
82.2195 0
82.2444 0
82.26929 0
82.2942 0
82.3191 0
82.34399 0
82.3689 0
82.3938 0
82.41869 0
82.4436 0
82.4685 0
82.49339 0
82.5183 0
82.5432 0
82.56809 0
82.59299 0
82.6179 0
82.6428 0
82.66769 0
82.6926 0
82.7175 0
82.74239 0
82.7673 0
82.7922 0
82.81709 0
82.842 0
82.8669 0
82.89179 0
82.91669 0
82.9416 0
82.9665 0
82.99139 0
83.0163 0
83.04638 0
83.07128 0
83.09618 0
83.12109 0
83.14598 0
83.17088 0
83.19579 0
83.22068 0
83.24558 0
83.27048 0
83.29538 0
83.32028 0
83.34518 0
83.37009 0
83.39498 0
83.41988 0
83.44479 0
83.46968 0
83.49458 0
83.51949 0
83.54439 0
83.56928 0
83.59418 0
83.61908 0
83.64398 0
83.66888 0
83.69378 0
83.71868 0
83.74358 0
83.76849 0
83.79338 0
83.81828 0
83.84319 0
83.86808 0
83.89298 0
83.91788 0
83.94278 0
83.96768 0
83.99258 0
84.01749 0
84.04238 0
84.06728 0
84.09219 0
84.11708 0
84.14198 0
84.16689 0
84.19178 0
84.21668 0
84.24158 0
84.26649 0
84.29138 0
84.31628 0
84.34118 0
84.36608 0
84.39098 0
84.41589 0
84.44078 0
84.46568 0
84.49059 0
84.51548 0
84.54038 0
84.56528 0
84.59018 0
84.61508 0
84.63998 0
84.66489 0
84.68978 0
84.71468 0
84.73959 0
84.76448 0
84.78938 0
84.81429 0
84.83919 0
84.86408 0
84.88898 0
84.91389 0
84.93878 0
84.96368 0
84.98859 0
85.01348 0
85.03838 0
85.06329 0
85.08818 0
85.11308 0
85.13799 0
85.16289 0
85.18778 0
85.21268 0
85.23759 0
85.26248 0
85.28738 0
85.31229 0
85.33718 0
85.36208 0
85.38699 0
85.41188 0
85.43678 0
85.46169 0
85.48658 0
85.51148 0
85.53638 0
85.56128 0
85.58618 0
85.61108 0
85.63599 0
85.66113 0
85.68603 0
85.71092 0
85.73582 0
85.76073 0
85.78562 0
85.81052 0
85.83543 0
85.86032 0
85.88522 0
85.91013 0
85.93502 0
85.95992 0
85.98483 0
86.00972 0
86.03462 0
86.05952 0
86.08442 0
86.10932 0
86.13422 0
86.15913 0
86.18402 0
86.20892 0
86.23383 0
86.25873 0
86.28362 0
86.30853 0
86.33343 0
86.35832 0
86.38322 0
86.40813 0
86.43302 0
86.45792 0
86.48283 0
86.50772 0
86.53262 0
86.55753 0
86.58242 0
86.60732 0
86.63223 0
86.65713 0
86.68202 0
86.70692 0
86.73183 0
86.75672 0
86.78162 0
86.80653 0
86.83143 0
86.85632 0
86.88123 0
86.90844 0
86.93636 0
86.96452 0
86.99252 0
87.02143 0
87.05109 0
87.08162 0
87.11234 0
87.14463 0
87.17735 0
87.2105 0
87.24385 0
87.27704 0
87.3112 0
87.34507 0
87.38529 0
87.42505 0
87.4907 0
87.52472 0
87.55987 0
87.59278 0
87.62642 0
87.65967 0
87.68951 0
87.734 0
87.77113 0
87.81197 0
87.85595 0
87.89618 0
87.92899 0
87.96125 0
87.99511 0
88.02449 0
88.05273 0
88.0811 0
88.10901 0
88.13759 0
88.16597 0
88.19442 0
88.2212 0
88.24834 0
88.27522 0
88.30182 0
88.32756 0
88.35406 0
88.38096 0
88.40704 0
88.43309 0
88.45933 0
88.48663 0
88.51407 0
88.54042 0
88.56694 0
88.5941 0
88.62018 0
88.64671 0
88.67403 0
88.70067 0
88.72704 0
88.75452 0
88.7863 0
88.81441 0
88.83963 0
88.86525 0
88.8903 0
88.91591 0
88.94093 0
88.96619 0
88.99149 0
89.01662 0
89.04198 0
89.06776 0
89.09367 0
89.11945 0
89.14587 0
89.17085 0
89.19699 0
89.22266 0
89.24832 0
89.27512 0
89.30219 0
89.32857 0
89.35404 0
89.37965 0
89.40559 0
89.4305 0
89.45576 0
89.48108 0
89.50597 0
89.5311 0
89.55619 0
89.58131 0
89.60837 0
89.63326 0
89.65933 0
89.68435 0
89.70925 0
89.73415 0
89.75906 0
89.78395 0
89.80885 0
89.83376 0
89.85944 0
89.88437 0
89.91002 0
89.93532 0
89.96037 0
89.98527 0
90.0103 0
90.03583 0
90.06142 0
90.08669 0
90.11224 0
90.13714 0
90.16204 0
90.18694 0
90.21184 0
90.23674 0
90.26164 0
90.28654 0
90.31144 0
90.33634 0
90.36124 0
90.38614 0
90.41104 0
90.43594 0
90.46084 0
90.48574 0
90.51064 0
90.53554 0
90.56044 0
90.58533 0
90.61024 0
90.63514 0
90.66004 0
90.68494 0
90.70984 0
90.74255 0
90.77225 0
90.79858 0
90.82347 0
90.84837 0
90.87328 0
90.89827 0
90.92357 0
90.94921 0
90.9747 0
90.99977 0
91.0252 0
91.05053 0
91.07596 0
91.10782 0
91.14507 0
91.16997 0
91.19488 0
91.21977 0
91.24513 0
91.27924 0
91.30415 0
91.32905 0
91.35395 0
91.37885 0
91.40375 0
91.42887 0
91.45515 0
91.48005 0
91.50497 0
91.52988 0
91.55477 0
91.57994 0
91.60487 0
91.63013 0
91.65546 0
91.68095 0
91.70868 0
91.73358 0
91.75874 0
91.78371 0
91.80931 0
91.83538 0
91.86028 0
91.88623 0
91.91193 0
91.93752 0
91.96407 0
91.99014 0
92.01547 0
92.04108 0
92.068 0
92.09354 0
92.11918 0
92.1457 0
92.17387 0
92.20074 0
92.23068 0
92.25607 0
92.28431 0
92.31286 0
92.34103 0
92.36768 0
92.39619 0
92.42484 0
92.45345 0
92.48319 0
92.51258 0
92.54327 0
92.5739 0
92.60482 0
92.63556 0
92.66568 0
92.69614 0
92.72673 0
92.75879 0
92.79055 0
92.82274 0
92.85517 0
92.88849 0
92.92196 0
92.95572 0
92.99367 0
93.02601 0
93.05956 0
93.09488 0
93.13041 0
93.16477 0
93.19939 0
93.23508 0
93.26936 0
93.30356 0
93.33649 0
93.3706 0
93.40467 0
93.43832 0
93.47218 0
93.50637 0
93.5418 0
93.57481 0
93.60946 0
93.64513 0
93.68064 0
93.71638 0
93.7514 0
93.78749 0
93.82298 0
93.85869 0
93.8961 0
93.93237 0
93.96834 0
94.00433 0
94.03999 0
94.07538 0
94.11102 0
94.14748 0
94.18369 0
94.22401 0
94.28381 0
94.30871 0
94.3521 0
94.51269 0
94.55 0
94.58435 0
94.61853 0
94.6518 0
94.68539 0
94.72088 0
94.75368 0
94.78646 0
94.82035 0
94.85459 0
94.88847 0
94.92177 0
94.9544 0
94.98734 0
95.02048 0
95.05302 0
95.08574 0
95.11922 0
95.1516 0
95.18484 0
95.21745 0
95.25114 0
95.28346 0
95.3161 0
95.34924 0
95.38233 0
95.41483 0
95.4479 0
95.4807 0
95.51321 0
95.547 0
95.58028 0
95.61361 0
95.64555 0
95.67776 0
95.71101 0
95.74425 0
95.77805 0
95.81134 0
95.84447 0
95.877 0
95.91003 0
95.9435 0
95.9765 0
96.00958 0
96.04265 0
96.07528 0
96.10766 0
96.1404 0
96.1731 0
96.2069 0
96.24407 0
96.2768 0
96.31657 0
96.39465 0
96.41955 0
96.45011 0
96.4828 0
96.51569 0
96.54836 0
96.58348 0
96.61764 0
96.65051 0
96.68288 0
96.71545 0
96.74778 0
96.78053 0
96.81406 0
96.84709 0
96.88083 0
96.91499 0
96.9492 0
96.98355 0
97.01765 0
97.04944 0
97.08065 0
97.11301 0
97.144 0
97.1739 0
97.20347 0
97.2339 0
97.26205 0
97.2894 0
97.31702 0
97.34323 0
97.37002 0
97.39567 0
97.42101 0
97.44615 0
97.47109 0
97.49609 0
97.52117 0
97.54607 0
97.57123 0
97.59644 0
97.62251 0
97.65203 0
97.67693 0
97.70183 0
97.72673 0
97.758 0
97.83563 0
97.86053 0
97.88544 0
97.91033 0
97.93523 0
97.96014 0
97.98589 0
98.01089 0
98.03579 0
98.06069 0
98.08559 0
98.1105 0
98.13539 0
98.16029 0
98.1852 0
98.21009 0
98.23499 0
98.2599 0
98.2848 0
98.30969 0
98.33459 0
98.3595 0
98.38439 0
98.40929 0
98.4342 0
98.45909 0
98.48399 0
98.5089 0
98.53379 0
98.55869 0
98.5836 0
98.60849 0
98.63339 0
98.65829 0
98.6832 0
98.70809 0
98.73299 0
98.7579 0
98.78279 0
98.80769 0
98.8326 0
98.85749 0
98.88239 0
98.9073 0
98.9322 0
98.95709 0
98.98199 0
99.0069 0
99.03179 0
99.05669 0
99.0816 0
99.10649 0
99.13139 0
99.1563 0
99.18119 0
99.20687 0
99.23177 0
99.25667 0
99.28157 0
99.30647 0
99.33137 0
99.35627 0
99.38117 0
99.40607 0
99.43097 0
99.45587 0
99.48077 0
99.50567 0
99.53057 0
99.55547 0
99.58038 0
99.60527 0
99.63017 0
99.65508 0
99.67997 0
99.70487 0
99.72977 0
99.75467 0
99.77957 0
99.80447 0
99.82937 0
99.85427 0
99.87917 0
99.90408 0
99.92897 0
99.95387 0
99.97878 0
100.0037 0
100.0286 0
100.0535 0
100.0784 0
100.1033 0
100.1282 0
100.1531 0
100.2893 0
100.3164 0
100.3412 0
100.3661 0
100.3911 0
100.416 0
100.4408 0
100.4658 0
100.4907 0
100.5155 0
100.5405 0
100.5654 0
100.5902 0
100.6152 0
100.6401 0
100.6649 0
100.6898 0
100.7148 0
100.7397 0
100.7645 0
100.7895 0
100.8144 0
100.8392 0
100.8642 0
100.8891 0
100.914 0
100.9389 0
100.9638 0
100.9887 0
101.0135 0
101.0385 0
101.0634 0
101.0882 0
101.1132 0
101.1381 0
101.163 0
101.1879 0
101.2128 0
101.2377 0
101.2626 0
101.2875 0
101.3124 0
101.3372 0
101.3622 0
101.3871 0
101.4119 0
101.4369 0
101.4618 0
101.4866 0
101.5116 0
101.5365 0
101.5614 0
101.5863 0
101.6112 0
101.6361 0
101.6609 0
101.6859 0
101.7108 0
101.7356 0
101.7606 0
101.7855 0
101.8103 0
101.8353 0
101.8602 0
101.885 0
101.91 0
101.9349 0
101.9598 0
101.9846 0
102.0096 0
102.0345 0
102.0593 0
102.0843 0
102.1092 0
102.1341 0
102.159 0
102.1839 0
102.2087 0
102.2337 0
102.2586 0
102.2835 0
102.3083 0
102.3333 0
102.3582 0
102.383 0
102.408 0
102.4329 0
102.4577 0
102.4827 0
102.5076 0
102.5324 0
102.5574 0
102.5823 0
102.6072 0
102.632 0
102.657 0
102.6819 0
102.7067 0
102.7317 0
102.7566 0
102.7814 0
102.8064 0
102.8313 0
102.8561 0
102.8811 0
102.906 0
102.9309 0
102.9557 0
102.9807 0
103.0056 0
103.0305 0
103.0554 0
103.0803 0
103.1051 0
103.1301 0
103.155 0
103.1799 0
103.2048 0
103.2297 0
103.2545 0
103.2794 0
103.3044 0
103.3292 0
103.3541 0
103.3791 0
103.404 0
103.4288 0
103.4538 0
103.4787 0
103.5036 0
103.5285 0
103.5534 0
103.5783 0
103.6031 0
103.6281 0
103.653 0
103.6778 0
103.7028 0
103.7277 0
103.7525 0
103.7775 0
103.8024 0
103.8272 0
103.8521 0
103.8771 0
103.902 0
103.9268 0
103.9518 0
103.9767 0
104.0015 0
104.0265 0
104.0514 0
104.0763 0
104.0963 0
104.1162 0
104.2148 0
104.2397 0
104.2686 0
104.3077 0
104.3429 0
104.3678 0
104.4136 0
104.4434 0
104.4739 0
104.4988 0
104.5277 0
104.5526 0
104.5821 0
104.6131 0
104.6549 0
104.6836 0
104.7139 0
104.7388 0
104.7693 0
104.8017 0
104.8331 0
104.858 0
104.8894 0
104.9143 0
104.9446 0
104.9771 0
105.0084 0
105.0401 0
105.0714 0
105.0963 0
105.1292 0
105.1641 0
105.1957 0
105.2206 0
105.2525 0
105.284 0
105.3159 0
105.3484 0
105.3811 0
105.4136 0
105.4385 0
105.4706 0
105.4955 0
105.5276 0
105.5602 0
105.5935 0
105.6267 0
105.6583 0
105.6895 0
105.7217 0
105.7541 0
105.7867 0
105.8191 0
105.8506 0
105.8828 0
105.9151 0
105.9467 0
105.9795 0
106.011 0
106.0429 0
106.0759 0
106.1068 0
106.1393 0
106.1704 0
106.2019 0
106.2335 0
106.267 0
106.3021 0
106.3349 0
106.3598 0
106.3939 0
106.4303 0
106.4648 0
106.4897 0
106.5237 0
106.5575 0
106.5951 0
106.6302 0
106.6664 0
106.6913 0
106.7268 0
106.7606 0
106.807 0
106.8319 0
106.8635 0
106.895 0
106.9305 0
106.9622 0
106.9972 0
107.0292 0
107.062 0
107.0961 0
107.1281 0
107.1595 0
107.1917 0
107.2243 0
107.2579 0
107.2904 0
107.3248 0
107.3587 0
107.393 0
107.4279 0
107.4607 0
107.493 0
107.5242 0
107.5558 0
107.5889 0
107.6207 0
107.6527 0
107.6837 0
107.717 0
107.75 0
107.7828 0
107.8153 0
107.8501 0
107.8851 0
107.9214 0
107.9537 0
107.988 0
108.0244 0
108.0595 0
108.0953 0
108.1287 0
108.1624 0
108.1966 0
108.2296 0
108.2652 0
108.2978 0
108.3299 0
108.3625 0
108.3961 0
108.4303 0
108.464 0
108.4966 0
108.531 0
108.5658 0
108.6032 0
108.6374 0
108.6706 0
108.7044 0
108.741 0
108.7926 0
108.8258 0
108.8592 0
108.8949 0
108.9313 0
108.9664 0
109 0
109.0335 0
109.0696 0
109.1048 0
109.1396 0
109.1768 0
109.2128 0
109.2492 0
109.2885 0
109.3239 0
109.3589 0
109.3954 0
109.433 0
109.4693 0
109.5054 0
109.5401 0
109.5759 0
109.6117 0
109.6484 0
109.6837 0
109.7194 0
109.7557 0
109.7908 0
109.8293 0
109.8675 0
109.9033 0
109.9399 0
109.9741 0
110.0087 0
110.0431 0
110.0771 0
110.1123 0
110.1477 0
110.1831 0
110.2181 0
110.2518 0
110.2858 0
110.3207 0
110.3557 0
110.3906 0
110.4285 0
110.4644 0
110.4996 0
110.5365 0
110.5713 0
110.6059 0
110.6402 0
110.6763 0
110.7115 0
110.7466 0
110.7814 0
110.8292 0
110.864 0
110.8989 0
110.9347 0
110.9686 0
111.0034 0
111.0376 0
111.0715 0
111.1049 0
111.1393 0
111.1725 0
111.2073 0
111.2415 0
111.2763 0
111.3101 0
111.3459 0
111.3801 0
111.413 0
111.4465 0
111.4821 0
111.5156 0
111.5498 0
111.5847 0
111.62 0
111.6536 0
111.6867 0
111.7212 0
111.7547 0
111.7869 0
111.8211 0
111.8598 0
111.8954 0
111.9339 0
111.9712 0
112.006 0
112.0426 0
112.078 0
112.1139 0
112.1536 0
112.1919 0
112.2312 0
112.2704 0
112.3061 0
112.3443 0
112.3813 0
112.4217 0
112.461 0
112.4859 0
112.5272 0
112.565 0
112.6051 0
112.63 0
112.6693 0
112.7111 0
112.7512 0
112.7938 0
112.8323 0
112.8572 0
112.9001 0
112.9405 0
112.9956 0
113.0336 0
113.0585 0
113.1059 0
113.1456 0
113.189 0
113.2314 0
113.2563 0
113.3033 0
113.3501 0
113.3952 0
113.4378 0
113.4685 0
113.5356 0
113.5605 0
113.5893 0
113.6206 0
113.6557 0
113.6858 0
113.7194 0
113.7503 0
113.7815 0
113.8147 0
113.8463 0
113.8786 0
113.9085 0
113.9374 0
113.9661 0
113.9962 0
114.0265 0
114.0563 0
114.0858 0
114.115 0
114.1499 0
114.1802 0
114.209 0
114.2386 0
114.2692 0
114.2986 0
114.329 0
114.3594 0
114.3886 0
114.4183 0
114.4487 0
114.4769 0
114.5051 0
114.5397 0
114.569 0
114.5974 0
114.6257 0
114.656 0
114.6882 0
114.7196 0
114.7478 0
114.7788 0
114.8107 0
114.8388 0
114.8706 0
114.8978 0
114.9279 0
114.9572 0
114.986 0
115.0167 0
115.0487 0
115.0784 0
115.1069 0
115.1363 0
115.1642 0
115.1944 0
115.2243 0
115.2532 0
115.2821 0
115.3097 0
115.3379 0
115.3689 0
115.3967 0
115.4255 0
115.4553 0
115.4858 0
115.5146 0
115.5448 0
115.5746 0
115.6024 0
115.6308 0
115.6598 0
115.6897 0
115.7187 0
115.7466 0
115.7761 0
115.8057 0
115.8352 0
115.8639 0
115.8926 0
115.92 0
115.949 0
115.9783 0
116.0075 0
116.0361 0
116.0673 0
116.099 0
116.1288 0
116.1574 0
116.1878 0
116.2188 0
116.2489 0
116.2798 0
116.3087 0
116.3393 0
116.3708 0
116.4001 0
116.4293 0
116.4591 0
116.4905 0
116.5192 0
116.5486 0
116.5809 0
116.6354 0
116.6603 0
116.6899 0
116.7629 0
116.7939 0
116.8258 0
116.8507 0
116.8761 0
116.9016 0
116.933 0
116.9589 0
116.9894 0
117.0192 0
117.0474 0
117.0796 0
117.1104 0
117.1393 0
117.1678 0
117.1986 0
117.23 0
117.2614 0
117.2934 0
117.325 0
117.3554 0
117.3847 0
117.4153 0
117.4448 0
117.4747 0
117.5047 0
117.5346 0
117.5617 0
117.5897 0
117.6179 0
117.6428 0
117.6677 0
117.6926 0
117.7175 0
117.7424 0
117.7673 0
117.7922 0
117.8171 0
117.842 0
117.8669 0
117.8918 0
117.9167 0
117.9416 0
117.9665 0
117.9914 0
118.0163 0
118.0412 0
118.0661 0
118.091 0
118.1159 0
118.1408 0
118.1657 0
118.1906 0
118.2155 0
118.2404 0
118.2653 0
118.2902 0
118.3151 0
118.34 0
118.3649 0
118.3898 0
118.4147 0
118.4396 0
118.4645 0
118.4894 0
118.5143 0
118.5392 0
118.5641 0
118.589 0
118.6139 0
118.6388 0
118.6637 0
118.6886 0
118.7135 0
118.7384 0
118.7633 0
118.7882 0
118.8131 0
118.838 0
118.8629 0
118.8878 0
118.9127 0
118.9376 0
118.9625 0
118.9874 0
119.0123 0
119.0372 0
119.0621 0
119.087 0
119.1119 0
119.1368 0
119.1617 0
119.1866 0
119.2115 0
119.2364 0
119.2613 0
119.2862 0
119.3111 0
119.336 0
119.3609 0
119.3858 0
119.4107 0
119.4356 0
119.4605 0
119.4854 0
119.5103 0
119.5352 0
119.5601 0
119.585 0
119.6099 0
119.6348 0
119.6597 0
119.6846 0
119.7095 0
119.7345 0
119.7593 0
119.7842 0
119.8091 0
119.834 0
119.8589 0
119.8838 0
119.9087 0
119.9336 0
119.9585 0
119.9834 0
120.0083 0
120.0332 0
120.0581 0
120.083 0
120.1079 0
120.1328 0
120.1577 0
120.1826 0
120.2075 0
120.2324 0
120.2573 0
120.2822 0
120.3071 0
120.332 0
120.3569 0
120.3818 0
120.4067 0
120.4316 0
120.4565 0
120.4814 0
120.5063 0
120.5312 0
120.5561 0
120.581 0
120.6059 0
120.6308 0
120.6557 0
120.6806 0
120.7055 0
120.7304 0
120.7553 0
120.7802 0
120.8051 0
120.83 0
120.8549 0
120.8798 0
120.9047 0
120.9296 0
120.9545 0
120.9794 0
121.0043 0
121.0292 0
121.0541 0
121.079 0
121.1039 0
121.1288 0
121.1537 0
121.1786 0
121.2035 0
121.2284 0
121.2533 0
121.2782 0
121.3031 0
121.328 0
121.3529 0
121.3778 0
121.4027 0
121.4276 0
121.4525 0
121.4774 0
121.5023 0
121.5272 0
121.5521 0
121.5818 0
121.6067 0
121.6316 0
121.6565 0
121.6814 0
121.7063 0
121.7312 0
121.7561 0
121.781 0
121.8059 0
121.8308 0
121.8557 0
121.8806 0
121.9055 0
121.9304 0
121.9553 0
121.9802 0
122.0051 0
122.03 0
122.0549 0
122.0798 0
122.1047 0
122.1296 0
122.1545 0
122.1794 0
122.2043 0
122.2292 0
122.2541 0
122.279 0
122.3039 0
122.3288 0
122.3537 0
122.3786 0
122.4035 0
122.4284 0
122.4533 0
122.4782 0
122.5031 0
122.528 0
122.5529 0
122.5778 0
122.6027 0
122.6276 0
122.6525 0
122.6774 0
122.7023 0
122.7272 0
122.7521 0
122.777 0
122.8019 0
122.8268 0
122.8517 0
122.8766 0
122.9015 0
122.9264 0
122.9513 0
122.9762 0
123.0011 0
123.026 0
123.0509 0
123.0758 0
123.1007 0
123.1256 0
123.1505 0
123.1754 0
123.2003 0
123.2252 0
123.2501 0
123.275 0
123.2999 0
123.3248 0
123.3497 0
123.3746 0
123.3995 0
123.4244 0
123.4493 0
123.4742 0
123.4991 0
123.524 0
123.5489 0
123.5738 0
123.5987 0
123.6236 0
123.6485 0
123.6734 0
123.6983 0
123.7232 0
123.7481 0
123.773 0
123.7979 0
123.8228 0
123.8477 0
123.8726 0
123.8975 0
123.9224 0
123.9473 0
123.9722 0
123.9971 0
124.022 0
124.0469 0
124.0718 0
124.0967 0
124.1216 0
124.1465 0
124.1714 0
124.1963 0
124.2215 0
124.2478 0
124.2741 0
124.2999 0
124.3259 0
124.3517 0
124.3795 0
124.406 0
124.4333 0
124.4607 0
124.4878 0
124.5143 0
124.5414 0
124.569 0
124.5973 0
124.6249 0
124.6535 0
124.6798 0
124.7086 0
124.7371 0
124.7641 0
124.7926 0
124.8201 0
124.8484 0
124.8749 0
124.9014 0
124.9299 0
124.9578 0
124.9862 0
125.014 0
125.0421 0
125.07 0
125.0982 0
125.1265 0
125.1544 0
125.1827 0
125.2108 0
125.239 0
125.2673 0
125.2972 0
125.3267 0
125.356 0
125.3856 0
125.415 0
125.4449 0
125.4737 0
125.5039 0
125.5322 0
125.5616 0
125.5914 0
125.6208 0
125.6502 0
125.6803 0
125.7091 0
125.7387 0
125.7676 0
125.7967 0
125.8262 0
125.856 0
125.885 0
125.9152 0
125.946 0
125.9747 0
126.0036 0
126.0327 0
126.0615 0
126.0916 0
126.1206 0
126.1495 0
126.1791 0
126.2083 0
126.2372 0
126.2674 0
126.2964 0
126.326 0
126.356 0
126.3862 0
126.415 0
126.4445 0
126.4743 0
126.5051 0
126.5343 0
126.5633 0
126.5918 0
126.6214 0
126.6517 0
126.6815 0
126.7114 0
126.7408 0
126.7704 0
126.8002 0
126.83 0
126.86 0
126.8901 0
126.9205 0
126.95 0
126.9799 0
127.0097 0
127.0394 0
127.0693 0
127.0992 0
127.1286 0
127.1582 0
127.1863 0
127.2137 0
127.2394 0
127.2646 0
127.2898 0
127.3151 0
127.34 0
127.3649 0
127.3898 0
127.4147 0
127.4396 0
127.4645 0
127.4894 0
127.5143 0
127.5392 0
127.5641 0
127.589 0
127.6139 0
127.6388 0
127.6637 0
127.6886 0
127.7135 0
127.7384 0
127.7633 0
127.7882 0
127.8131 0
127.838 0
127.8629 0
127.8878 0
127.9127 0
127.9376 0
127.9625 0
127.9874 0
128.0123 0
128.0372 0
128.0621 0
128.087 0
128.1119 0
128.1368 0
128.1617 0
128.1866 0
128.2115 0
128.2364 0
128.2613 0
128.2862 0
128.3111 0
128.336 0
128.3609 0
128.3858 0
128.4107 0
128.4356 0
128.4605 0
128.4854 0
128.5103 0
128.5352 0
128.5601 0
128.585 0
128.6099 0
128.6348 0
128.6597 0
128.6846 0
128.7095 0
128.7344 0
128.7593 0
128.7842 0
128.8091 0
128.834 0
128.8589 0
128.8838 0
128.9087 0
128.9336 0
128.9585 0
128.9834 0
129.0083 0
129.0332 0
129.0581 0
129.083 0
129.1079 0
129.1328 0
129.1577 0
129.1826 0
129.2075 0
129.2324 0
129.2573 0
129.2822 0
129.3071 0
129.332 0
129.3569 0
129.3818 0
129.4073 0
129.4328 0
129.4586 0
129.4845 0
129.5103 0
129.536 0
129.5615 0
129.587 0
129.6126 0
129.638 0
129.6637 0
129.6901 0
129.7162 0
129.7425 0
129.7686 0
129.7946 0
129.8217 0
129.8489 0
129.8756 0
129.9011 0
129.9275 0
129.9534 0
129.9789 0
130.0053 0
130.0317 0
130.0579 0
130.0841 0
130.1096 0
130.1358 0
130.1622 0
130.1878 0
130.2135 0
130.2391 0
130.2648 0
130.2905 0
130.3162 0
130.3425 0
130.3703 0
130.3968 0
130.4243 0
130.4509 0
130.4781 0
130.5052 0
130.5315 0
130.5577 0
130.5847 0
130.6112 0
130.6375 0
130.6642 0
130.6911 0
130.7182 0
130.7453 0
130.7721 0
130.7994 0
130.8263 0
130.8532 0
130.8802 0
130.9066 0
130.935 0
130.9623 0
130.9892 0
131.0179 0
131.0448 0
131.0721 0
131.0993 0
131.1284 0
131.1563 0
131.184 0
131.2119 0
131.2408 0
131.269 0
131.2971 0
131.3259 0
131.3558 0
131.3845 0
131.4148 0
131.4451 0
131.4752 0
131.5044 0
131.5339 0
131.5642 0
131.5945 0
131.6265 0
131.6584 0
131.6897 0
131.7209 0
131.7505 0
131.7798 0
131.8086 0
131.8382 0
131.8682 0
131.898 0
131.9267 0
131.9546 0
131.9818 0
132.01 0
132.0389 0
132.068 0
132.0964 0
132.1253 0
132.1544 0
132.1835 0
132.2119 0
132.2406 0
132.2689 0
132.2969 0
132.3246 0
132.3519 0
132.3794 0
132.4066 0
132.4342 0
132.4623 0
132.4904 0
132.5187 0
132.5465 0
132.5748 0
132.6036 0
132.6321 0
132.6598 0
132.688 0
132.7166 0
132.745 0
132.7738 0
132.8023 0
132.832 0
132.8617 0
132.9059 0
132.9308 0
132.9595 0
132.9909 0
