2.379153 0
2.418833 0
2.45745 0
2.497461 0
2.539958 0
2.578798 0
2.615483 0
2.65167 0
2.687424 0
2.721305 0
2.769818 0
2.803398 0
2.836593 0
2.867976 0
2.899523 0
2.930537 0
2.960564 0
2.98966 0
3.019821 0
3.05037 0
3.07901 0
3.108575 0
3.137829 0
3.166086 0
3.195706 0
3.225327 0
3.255079 0
3.284535 0
3.31521 0
3.344956 0
3.374606 0
3.405157 0
3.435491 0
3.46535 0
3.495687 0
3.525374 0
3.555192 0
3.585975 0
3.616006 0
3.647506 0
3.680687 0
3.711729 0
3.741784 0
3.77317 0
3.807534 0
3.838991 0
3.868406 0
3.897201 0
3.927024 0
3.956715 0
3.986328 0
4.016271 0
4.046453 0
4.075828 0
4.10622 0
4.135827 0
4.165237 0
4.194412 0
4.223598 0
4.252568 0
4.282657 0
4.31315 0
4.343121 0
4.37358 0
4.4034 0
4.433297 0
4.463498 0
4.495485 0
4.526073 0
4.556047 0
4.586173 0
4.616506 0
4.647408 0
4.679253 0
4.710804 0
4.742098 0
4.77281 0
4.803754 0
4.836123 0
4.866703 0
4.898673 0
4.931055 0
4.963592 0
4.994792 0
5.026228 0
5.058763 0
5.093379 0
5.127326 0
5.161552 0
5.196392 0
5.2318 0
5.274761 0
5.315911 0
5.351223 0
5.387621 0
5.427783 0
5.463774 0
5.498214 0
5.531937 0
5.566934 0
5.601086 0
5.635056 0
5.67206 0
5.706036 0
5.741269 0
5.776058 0
5.811909 0
5.847485 0
5.883618 0
5.91908 0
5.955305 0
5.991376 0
6.028172 0
6.065982 0
6.106401 0
6.146921 0
6.189335 0
6.230823 0
6.271554 0
6.317722 0
6.362289 0
6.404148 0
6.444983 0
6.485485 0
6.525001 0
6.566258 0
6.608464 0
6.649638 0
6.690456 0
6.732052 0
6.772738 0
6.812201 0
6.852462 0
6.893802 0
6.935677 0
6.976202 0
7.019706 0
7.061643 0
7.105866 0
7.14775 0
7.190789 0
7.234865 0
7.278021 0
7.324853 0
7.386433 0
7.425366 0
7.46645 0
7.506551 0
7.547645 0
7.589018 0
7.63101 0
7.671165 0
7.712804 0
7.753544 0
7.795664 0
7.83569 0
7.876848 0
7.917861 0
7.959502 0
8.000654 0
8.039897 0
8.081178 0
8.120843 0
8.164817 0
8.206511 0
8.246856 0
8.28694 0
8.32618 0
8.365713 0
8.405836 0
8.447195 0
8.485956 0
8.525713 0
8.566834 0
8.60733 0
8.647435 0
8.686782 0
8.726855 0
8.767232 0
8.808216 0
8.848864 0
8.890093 0
8.936995 0
8.977345 0
9.018976 0
9.061162 0
9.103623 0
9.149292 0
9.192812 0
9.234298 0
9.275595 0
9.316548 0
9.356847 0
9.397483 0
9.440828 0
9.483716 0
9.526352 0
9.567906 0
9.609096 0
9.649544 0
9.690918 0
9.732434 0
9.773964 0
9.815811 0
9.85628 0
9.897209 0
9.936018 0
9.974804 0
10.01426 0
10.0545 0
10.09511 0
10.13513 0
10.17539 0
10.21532 0
10.25593 0
10.29553 0
10.33604 0
10.37664 0
10.41788 0
10.45831 0
10.49875 0
10.53908 0
10.57989 0
10.61914 0
10.65974 0
10.69999 0
10.74071 0
10.78189 0
10.82023 0
10.86091 0
10.90233 0
10.94283 0
10.98299 0
11.02463 0
11.06623 0
11.10897 0
11.15075 0
11.19072 0
11.23511 0
11.27379 0
11.31393 0
11.35447 0
11.39622 0
11.44275 0
11.48595 0
11.52767 0
11.56972 0
11.61183 0
11.65573 0
11.69872 0
11.74163 0
11.78391 0
11.82519 0
11.86558 0
11.90644 0
11.94757 0
11.98974 0
12.03202 0
12.07431 0
12.11574 0
12.15682 0
12.19715 0
12.23827 0
12.28111 0
12.32089 0
12.36092 0
12.40034 0
12.44545 0
12.48914 0
12.52961 0
12.56856 0
12.60767 0
12.64584 0
12.68439 0
12.72383 0
12.76312 0
12.80206 0
12.84044 0
12.87911 0
12.91728 0
12.95601 0
12.99428 0
13.03275 0
13.07091 0
13.10913 0
13.14752 0
13.18615 0
13.22476 0
13.26461 0
13.3039 0
13.34356 0
13.38303 0
13.42274 0
13.4618 0
13.50127 0
13.54062 0
13.57988 0
13.61912 0
13.65757 0
13.69503 0
13.73264 0
13.7827 0
13.82171 0
13.86153 0
13.9007 0
13.93853 0
13.98083 0
14.02095 0
14.06285 0
14.10598 0
14.15435 0
14.19632 0
14.23547 0
14.27538 0
14.31596 0
14.35626 0
14.39568 0
14.43412 0
14.47386 0
14.51269 0
14.54802 0
14.57997 0
14.6129 0
14.64596 0
14.68029 0
14.71242 0
14.74461 0
14.77644 0
14.80917 0
14.84793 0
14.88942 0
14.9286 0
14.96848 0
15.00803 0
15.04726 0
15.08731 0
15.1269 0
15.16546 0
15.20426 0
15.24288 0
15.2808 0
15.31921 0
15.35769 0
15.3967 0
15.43539 0
15.47543 0
15.51452 0
15.55318 0
15.59293 0
15.63194 0
15.67073 0
15.7097 0
15.74941 0
15.78937 0
15.83001 0
15.87226 0
15.91595 0
15.9587 0
16.00272 0
16.04536 0
16.0893 0
16.12869 0
16.16874 0
16.21 0
16.25241 0
16.28692 0
16.32201 0
16.35645 0
16.39238 0
16.4331 0
16.4664 0
16.50303 0
16.54021 0
16.57466 0
16.61127 0
16.65548 0
16.70335 0
16.74821 0
16.79054 0
16.83207 0
16.87108 0
16.91116 0
16.95275 0
16.99163 0
17.03086 0
17.0714 0
17.11215 0
17.14986 0
17.1843 0
17.2184 0
17.25204 0
17.28594 0
17.32105 0
17.3558 0
17.39066 0
17.43057 0
17.47087 0
17.51147 0
17.55465 0
17.59633 0
17.63791 0
17.67956 0
17.72013 0
17.76112 0
17.80613 0
17.84738 0
17.88935 0
17.93049 0
17.97217 0
18.01356 0
18.05697 0
18.09886 0
18.14074 0
18.18254 0
18.2247 0
18.26647 0
18.30839 0
18.35044 0
18.39284 0
18.43476 0
18.47664 0
18.52088 0
18.56066 0
18.59617 0
18.63524 0
18.67629 0
18.71799 0
18.75305 0
18.79118 0
18.82355 0
18.85685 0
18.89041 0
18.92382 0
18.95685 0
18.99017 0
19.02363 0
19.05696 0
19.09048 0
19.12342 0
19.15654 0
19.18969 0
19.22209 0
19.25484 0
19.28792 0
19.32086 0
19.3585 0
19.3995 0
19.44039 0
19.48137 0
19.52246 0
19.56362 0
19.60571 0
19.64652 0
19.68754 0
19.73001 0
19.77328 0
19.81872 0
19.86222 0
19.90585 0
19.9489 0
20.00774 0
20.05398 0
20.09615 0
20.13906 0
20.18565 0
20.2317 0
20.27798 0
20.31606 0
20.35346 0
20.39173 0
20.4277 0
20.46609 0
20.50161 0
20.53937 0
20.57784 0
20.62668 0
20.66673 0
20.70704 0
20.74707 0
20.78624 0
20.82515 0
20.86328 0
20.8998 0
20.94072 0
20.97701 0
21.01638 0
21.05519 0
21.093 0
21.13225 0
21.16863 0
21.20711 0
21.24452 0
21.27986 0
21.31873 0
21.35734 0
21.39494 0
21.43341 0
21.46985 0
21.50608 0
21.54396 0
21.58589 0
21.62285 0
21.66096 0
21.69722 0
21.73411 0
21.77138 0
21.81085 0
21.84838 0
21.88508 0
21.92139 0
21.96447 0
22.00783 0
22.05145 0
22.09258 0
22.13569 0
22.17766 0
22.22062 0
22.26508 0
22.30676 0
22.34789 0
22.38927 0
22.42973 0
22.47165 0
22.51735 0
22.55999 0
22.6069 0
22.66472 0
22.71123 0
22.75976 0
22.80814 0
22.85741 0
22.90441 0
22.95211 0
22.99607 0
23.03701 0
23.09143 0
23.13954 0
23.17551 0
23.21108 0
23.24894 0
23.29382 0
23.32922 0
23.36507 0
23.40482 0
23.44824 0
23.49072 0
23.53358 0
23.57634 0
23.61888 0
23.66201 0
23.70772 0
23.758 0
23.8026 0
23.85903 0
23.90793 0
23.96209 0
24.0087 0
24.06005 0
24.11124 0
24.16686 0
24.22171 0
24.26486 0
24.31035 0
24.35327 0
24.39749 0
24.44327 0
24.48556 0
24.52499 0
24.56556 0
24.61804 0
24.65784 0
24.69885 0
24.74216 0
24.78409 0
24.82999 0
24.87581 0
24.92219 0
24.9702 0
25.01595 0
25.06142 0
25.11365 0
25.15841 0
25.2092 0
25.25602 0
25.30647 0
25.355 0
25.40058 0
25.44923 0
25.4987 0
25.54782 0
25.59572 0
25.64447 0
25.69414 0
25.73947 0
25.78442 0
25.83126 0
25.88163 0
25.93592 0
25.98533 0
26.03201 0
26.09207 0
26.13728 0
26.17956 0
26.22289 0
26.25747 0
26.29323 0
26.33272 0
26.37671 0
26.41342 0
26.45032 0
26.4923 0
26.53037 0
26.5664 0
26.60406 0
26.64583 0
26.69006 0
26.73539 0
26.78046 0
26.82418 0
26.86771 0
26.91193 0
26.95502 0
26.99804 0
27.04159 0
27.08402 0
27.12681 0
27.16895 0
27.21255 0
27.25478 0
27.29696 0
27.33899 0
27.38151 0
27.42445 0
27.46678 0
27.50961 0
27.55234 0
27.59636 0
27.65023 0
27.69945 0
27.74395 0
27.78778 0
27.83681 0
27.8833 0
27.93586 0
27.97731 0
28.01804 0
28.05686 0
28.0973 0
28.14209 0
28.18131 0
28.21758 0
28.25578 0
28.29305 0
28.34498 0
28.38857 0
28.43036 0
28.47124 0
28.51047 0
28.55202 0
28.59406 0
28.63373 0
28.67238 0
28.71454 0
28.75607 0
28.79643 0
28.83689 0
28.88072 0
28.92903 0
28.97361 0
29.01651 0
29.06334 0
29.11139 0
29.15318 0
29.19329 0
29.23257 0
29.27992 0
29.32756 0
29.38624 0
29.44213 0
29.48895 0
29.53435 0
29.57981 0
29.62563 0
29.66962 0
29.71801 0
29.75588 0
29.79424 0
29.83108 0
29.86956 0
29.90868 0
29.95225 0
29.99671 0
30.04371 0
30.0912 0
30.13619 0
30.1802 0
30.2263 0
30.2709 0
30.31667 0
30.36069 0
30.4067 0
30.45143 0
30.49753 0
30.54272 0
30.5876 0
30.63233 0
30.67649 0
30.72104 0
30.76586 0
30.81037 0
30.85537 0
30.89919 0
30.9443 0
30.9891 0
31.03632 0
31.08121 0
31.12555 0
31.17074 0
31.21544 0
31.26073 0
31.30499 0
31.34996 0
31.39448 0
31.44117 0
31.48718 0
31.53228 0
31.57664 0
31.62141 0
31.66536 0
31.71015 0
31.7538 0
31.79897 0
31.84304 0
31.88699 0
31.9311 0
31.97482 0
32.01902 0
32.06351 0
32.12039 0
32.16468 0
32.20879 0
32.25254 0
32.29701 0
32.34092 0
32.38477 0
32.42971 0
32.47316 0
32.51685 0
32.56148 0
32.60644 0
32.64979 0
32.69421 0
32.73781 0
32.78195 0
32.8258 0
32.92994 0
32.96106 0
33.00572 0
33.05103 0
33.0958 0
33.14219 0
33.18993 0
33.23347 0
33.27684 0
33.32031 0
33.35603 0
33.39117 0
33.42667 0
33.46104 0
33.49662 0
33.53202 0
33.56997 0
33.61716 0
33.6673 0
33.71486 0
33.76067 0
33.80489 0
33.84912 0
33.89254 0
33.93684 0
33.98001 0
34.02341 0
34.06636 0
34.10999 0
34.153 0
34.19592 0
34.23726 0
34.27846 0
34.3201 0
34.36077 0
34.40031 0
34.44004 0
34.4795 0
34.51977 0
34.55975 0
34.59963 0
34.63934 0
34.67895 0
34.71796 0
34.75679 0
34.79567 0
34.8344 0
34.87378 0
34.91327 0
34.95145 0
34.99033 0
35.02847 0
35.06686 0
35.1052 0
35.144 0
35.18281 0
35.22134 0
35.26014 0
35.29978 0
35.33672 0
35.37409 0
35.41135 0
35.44859 0
35.48521 0
35.52151 0
35.55759 0
35.59423 0
35.63048 0
35.66702 0
35.70271 0
35.7389 0
35.77443 0
35.80946 0
35.84495 0
35.8799 0
35.9152 0
35.9506 0
35.98569 0
36.02089 0
36.05544 0
36.09026 0
36.12502 0
36.16092 0
36.19735 0
36.23162 0
36.26674 0
36.30169 0
36.33723 0
36.37268 0
36.40681 0
36.44161 0
36.47659 0
36.5122 0
36.54772 0
36.58285 0
36.61795 0
36.65337 0
36.68781 0
36.72601 0
36.75797 0
36.79084 0
36.82538 0
36.85878 0
36.89221 0
36.92574 0
36.96465 0
36.99754 0
37.03195 0
37.0669 0
37.10011 0
37.13496 0
37.16643 0
37.2002 0
37.23586 0
37.2691 0
37.30679 0
37.33797 0
37.3718 0
37.40445 0
37.43533 0
37.46717 0
37.4985 0
37.53016 0
37.56145 0
37.59247 0
37.62373 0
37.65545 0
37.68729 0
37.71832 0
37.74921 0
37.77962 0
37.81038 0
37.84137 0
37.87172 0
37.90153 0
37.93275 0
37.96342 0
37.99334 0
38.02303 0
38.05334 0
38.08406 0
38.11389 0
38.14379 0
38.18725 0
38.21724 0
38.24865 0
38.27831 0
38.30924 0
38.33979 0
38.37093 0
38.40171 0
38.43231 0
38.46302 0
38.49317 0
38.52385 0
38.55424 0
38.58482 0
38.6144 0
38.64474 0
38.67414 0
38.69414 0
38.71413 0
38.74287 0
38.77285 0
38.80301 0
38.83356 0
38.86311 0
38.90178 0
38.93821 0
38.97039 0
39.0028 0
39.03557 0
39.06707 0
39.1 0
39.13294 0
39.16547 0
39.19784 0
39.23078 0
39.26443 0
39.30002 0
39.33669 0
39.37271 0
39.41011 0
39.44878 0
39.48964 0
39.52907 0
39.57116 0
39.61487 0
39.65609 0
39.69877 0
39.74312 0
39.78513 0
39.8281 0
39.87117 0
39.91514 0
39.9577 0
39.99867 0
40.0379 0
40.07843 0
40.11804 0
40.15671 0
40.19733 0
40.23239 0
40.26269 0
40.29402 0
40.32241 0
40.35632 0
40.38904 0
40.42084 0
40.45685 0
40.49424 0
40.53093 0
40.56687 0
40.60294 0
40.63891 0
40.67416 0
40.70795 0
40.74162 0
40.77594 0
40.80973 0
40.84351 0
40.87734 0
40.91233 0
40.9462 0
40.98166 0
41.01706 0
41.05196 0
41.08689 0
41.12289 0
41.15777 0
41.19328 0
41.22682 0
41.26381 0
41.29818 0
41.33394 0
41.36723 0
41.4041 0
41.43803 0
41.47447 0
41.50985 0
41.54541 0
41.57989 0
41.61541 0
41.6458 0
41.68031 0
41.71469 0
41.74764 0
41.78018 0
41.81918 0
41.85509 0
41.88779 0
41.9198 0
41.95189 0
41.98372 0
42.01641 0
42.05201 0
42.08694 0
42.12232 0
42.15773 0
42.19313 0
42.22926 0
42.26537 0
42.30235 0
42.33916 0
42.37428 0
42.41039 0
42.44647 0
42.48267 0
42.51862 0
42.55435 0
42.59128 0
42.62889 0
42.66474 0
42.70175 0
42.73805 0
42.77534 0
42.8127 0
42.8502 0
42.88797 0
42.9256 0
42.96328 0
43.00149 0
43.03812 0
43.07488 0
43.11245 0
43.14873 0
43.18511 0
43.22144 0
43.25777 0
43.2948 0
43.33197 0
43.36858 0
43.40524 0
43.44255 0
43.47914 0
43.51745 0
43.5545 0
43.59234 0
43.63087 0
43.67081 0
43.71066 0
43.76451 0
43.80257 0
43.84153 0
43.879 0
43.91666 0
43.95362 0
43.99149 0
44.02988 0
44.06797 0
44.10604 0
44.14314 0
44.18032 0
44.21881 0
44.25953 0
44.29813 0
44.33697 0
44.38042 0
44.42376 0
44.46288 0
44.50156 0
44.54011 0
44.57861 0
44.617 0
44.65632 0
44.6944 0
44.7327 0
44.77101 0
44.80937 0
44.84728 0
44.88613 0
44.92453 0
44.96212 0
45.00026 0
45.03865 0
45.07623 0
45.11352 0
45.15056 0
45.18974 0
45.22737 0
45.26562 0
45.30397 0
45.34266 0
45.38058 0
45.41847 0
45.45594 0
45.4944 0
45.53439 0
45.57283 0
45.61173 0
45.64915 0
45.6876 0
45.72642 0
45.76631 0
45.80553 0
45.84451 0
45.8833 0
45.92507 0
45.96398 0
46.00213 0
46.04124 0
46.08593 0
46.12773 0
46.16685 0
46.2043 0
46.2414 0
46.27906 0
46.31775 0
46.35759 0
46.3969 0
46.43547 0
46.47346 0
46.51275 0
46.55082 0
46.58948 0
46.6289 0
46.66785 0
46.7063 0
46.7449 0
46.78362 0
46.82294 0
46.86182 0
46.90161 0
46.94081 0
46.98129 0
47.02369 0
47.06361 0
47.10215 0
47.14223 0
47.18789 0
47.22977 0
47.26869 0
47.30722 0
47.34689 0
47.38775 0
47.42601 0
47.4657 0
47.50558 0
47.5456 0
47.58567 0
47.6244 0
47.66349 0
47.70367 0
47.74468 0
47.78588 0
47.82664 0
47.86792 0
47.91047 0
47.95182 0
47.99134 0
48.03149 0
48.07165 0
48.1111 0
48.15215 0
48.19199 0
48.23249 0
48.27257 0
48.3111 0
48.3508 0
48.39093 0
48.43039 0
48.47125 0
48.51416 0
48.55375 0
48.59376 0
48.63888 0
48.6824 0
48.72305 0
48.76366 0
48.8033 0
48.84305 0
48.88262 0
48.92326 0
48.96224 0
49.00198 0
49.04149 0
49.08135 0
49.12055 0
49.16123 0
49.20251 0
49.24253 0
49.28279 0
49.3223 0
49.36237 0
49.40269 0
49.44662 0
49.48773 0
49.52856 0
49.56941 0
49.6162 0
49.65961 0
49.70157 0
49.74294 0
49.78371 0
49.82476 0
49.86573 0
49.90848 0
49.96274 0
50.00304 0
50.04404 0
50.08474 0
50.1257 0
50.1675 0
50.21267 0
50.25557 0
50.30303 0
50.34739 0
50.39021 0
50.43305 0
50.47606 0
50.51836 0
50.55291 0
50.58854 0
50.62331 0
50.65776 0
50.69308 0
50.72801 0
50.76748 0
50.80958 0
50.85238 0
50.89585 0
50.93984 0
50.98367 0
51.0268 0
51.07021 0
51.11449 0
51.15466 0
51.19712 0
51.2388 0
51.28157 0
51.32504 0
51.36807 0
51.4105 0
51.4534 0
51.50044 0
51.54734 0
51.59052 0
51.63315 0
51.67598 0
51.71774 0
51.75986 0
51.80292 0
51.84695 0
51.88892 0
51.93166 0
51.97509 0
52.01756 0
52.05951 0
52.10151 0
52.14451 0
52.18799 0
52.2305 0
52.27873 0
52.32289 0
52.36358 0
52.40193 0
52.43988 0
52.477 0
52.51385 0
52.55093 0
52.58747 0
52.62354 0
52.66063 0
52.69672 0
52.73241 0
52.76815 0
52.80457 0
52.84114 0
52.87729 0
52.91423 0
52.95108 0
52.9888 0
53.02626 0
53.06376 0
53.10012 0
53.14023 0
53.18344 0
53.22738 0
53.27244 0
53.31605 0
53.36065 0
53.40359 0
53.44714 0
53.49146 0
53.53616 0
53.57927 0
53.62296 0
53.6677 0
53.71116 0
53.75494 0
53.79826 0
53.84171 0
53.88576 0
53.92995 0
53.97477 0
54.01896 0
54.06277 0
54.10586 0
54.14973 0
54.19423 0
54.23795 0
54.28098 0
54.32404 0
54.36859 0
54.41235 0
54.45561 0
54.4993 0
54.54369 0
54.58963 0
54.63292 0
54.6764 0
54.72158 0
54.76584 0
54.81395 0
54.85937 0
54.90262 0
54.94624 0
54.98949 0
55.02986 0
55.06663 0
55.10298 0
55.14049 0
55.17615 0
55.211 0
55.2472 0
55.28254 0
55.31577 0
55.35029 0
55.38459 0
55.4198 0
55.45404 0
55.48807 0
55.54188 0
55.58287 0
55.62502 0
55.66718 0
55.71023 0
55.75381 0
55.79976 0
55.84426 0
55.88945 0
55.93371 0
55.97929 0
56.02483 0
56.06896 0
56.11295 0
56.15737 0
56.20005 0
56.24353 0
56.28857 0
56.3325 0
56.37867 0
56.42421 0
56.46953 0
56.52935 0
56.58116 0
56.62747 0
56.67436 0
56.71944 0
56.77005 0
56.81548 0
56.85185 0
56.89057 0
56.92939 0
56.96836 0
57.00843 0
57.04475 0
57.08512 0
57.12466 0
57.16247 0
57.19989 0
57.23878 0
57.27552 0
57.313 0
57.35094 0
57.38987 0
57.42783 0
57.46659 0
57.50381 0
57.54578 0
57.59272 0
57.63795 0
57.68368 0
57.72836 0
57.77069 0
57.81258 0
57.85605 0
57.8993 0
57.94257 0
57.98627 0
58.0286 0
58.06945 0
58.11137 0
58.15215 0
58.19319 0
58.23449 0
58.27599 0
58.31816 0
58.3595 0
58.39929 0
58.43954 0
58.47987 0
58.51973 0
58.56086 0
58.60251 0
58.64295 0
58.68388 0
58.72422 0
58.76398 0
58.80432 0
58.8459 0
58.88723 0
58.92796 0
58.96864 0
59.01033 0
59.05273 0
59.09454 0
59.13658 0
59.17793 0
59.21875 0
59.25972 0
59.30179 0
59.34581 0
59.38797 0
59.42902 0
59.47113 0
59.51391 0
59.55666 0
59.59718 0
59.63842 0
59.68008 0
59.72309 0
59.76545 0
59.80729 0
59.84926 0
59.89128 0
59.93337 0
59.97591 0
60.01902 0
60.05941 0
60.10125 0
60.14328 0
60.18505 0
60.22763 0
60.26935 0
60.31174 0
60.35417 0
60.39721 0
60.43857 0
60.48065 0
60.52475 0
60.56618 0
60.60789 0
60.64959 0
60.69312 0
60.73615 0
60.7781 0
60.82231 0
60.86497 0
60.91448 0
60.95989 0
61.00358 0
61.04527 0
61.08812 0
61.1319 0
61.17538 0
61.22131 0
61.26573 0
61.31081 0
61.35755 0
61.3984 0
61.43529 0
61.47273 0
61.50966 0
61.54656 0
61.58371 0
61.62034 0
61.6582 0
61.69425 0
61.73126 0
61.76804 0
61.80401 0
61.83883 0
61.87384 0
61.90841 0
61.94859 0
61.99092 0
62.03399 0
62.077 0
62.12034 0
62.16325 0
62.20604 0
62.24778 0
62.29021 0
62.33261 0
62.37465 0
62.41677 0
62.45888 0
62.50018 0
62.54267 0
62.58426 0
62.62579 0
62.66623 0
62.70811 0
62.74979 0
62.79092 0
62.83328 0
62.87554 0
62.91698 0
62.95844 0
63.01397 0
63.0552 0
63.09899 0
63.14045 0
63.18416 0
63.22633 0
63.26762 0
63.31022 0
63.35036 0
63.39124 0
63.43206 0
63.47315 0
63.51576 0
63.55446 0
63.59515 0
63.63597 0
63.67734 0
63.71938 0
63.76394 0
63.80772 0
63.84615 0
63.88985 0
63.93271 0
63.97398 0
64.01462 0
64.05591 0
64.09766 0
64.13984 0
64.18158 0
64.22383 0
64.26617 0
64.30833 0
64.3503 0
64.39206 0
64.43348 0
64.47552 0
64.51785 0
64.55915 0
64.60108 0
64.64286 0
64.68454 0
64.72758 0
64.76955 0
64.81193 0
64.85494 0
64.89666 0
64.94102 0
64.98192 0
65.02344 0
65.06538 0
65.10737 0
65.14824 0
65.18886 0
65.23016 0
65.27042 0
65.31168 0
65.35213 0
65.39291 0
65.43333 0
65.47475 0
65.51603 0
65.55803 0
65.59888 0
65.63969 0
65.67962 0
65.7198 0
65.76005 0
65.80025 0
65.84028 0
65.88205 0
65.9245 0
65.96555 0
66.00848 0
66.05166 0
66.09459 0
66.13889 0
66.1846 0
66.22858 0
66.27316 0
66.31653 0
66.35995 0
66.40037 0
66.44043 0
66.4799 0
66.5191 0
66.55686 0
66.59316 0
66.62833 0
66.66315 0
66.69741 0
66.73079 0
66.76587 0
66.8 0
66.83348 0
66.86557 0
66.89996 0
66.93488 0
66.97032 0
67.00442 0
67.03713 0
67.07105 0
67.10391 0
67.13638 0
67.17151 0
67.20448 0
67.23727 0
67.27092 0
67.30318 0
67.33592 0
67.36892 0
67.40169 0
67.43457 0
67.46647 0
67.5004 0
67.53574 0
67.56762 0
67.60179 0
67.63629 0
67.67107 0
67.70564 0
67.74074 0
67.77567 0
67.8099 0
67.84403 0
67.87704 0
67.91065 0
67.94402 0
67.97736 0
68.01351 0
68.04777 0
68.08252 0
68.11751 0
68.1518 0
68.18716 0
68.22331 0
68.25794 0
68.29407 0
68.3283 0
68.36436 0
68.39947 0
68.43582 0
68.47002 0
68.50627 0
68.5408 0
68.57552 0
68.61136 0
68.6461 0
68.68033 0
68.71617 0
68.75023 0
68.78613 0
68.82064 0
68.8567 0
68.89135 0
68.92562 0
68.95985 0
68.99662 0
69.03167 0
69.06681 0
69.10751 0
69.14335 0
69.17715 0
69.21104 0
69.25763 0
69.29123 0
69.32454 0
69.35958 0
69.39436 0
69.42972 0
69.46403 0
69.49946 0
69.53355 0
69.5679 0
69.6044 0
69.64011 0
69.67538 0
69.71024 0
69.74645 0
69.78337 0
69.82076 0
69.85677 0
69.89402 0
69.93273 0
69.97089 0
70.00925 0
70.04822 0
70.08789 0
70.13096 0
70.17262 0
70.21561 0
70.26045 0
70.30581 0
70.35542 0
70.40163 0
70.44688 0
70.49226 0
70.53759 0
70.58427 0
70.63126 0
70.6793 0
70.72651 0
70.77156 0
70.81252 0
70.84997 0
70.88646 0
70.92976 0
70.97578 0
71.021 0
71.06664 0
71.11272 0
71.16174 0
71.20842 0
71.26154 0
71.3103 0
71.35991 0
71.40672 0
71.45547 0
71.50294 0
71.55264 0
71.60807 0
71.65386 0
71.69067 0
71.72911 0
71.77419 0
71.82319 0
71.87058 0
71.91757 0
71.96571 0
72.01466 0
72.05907 0
72.10585 0
72.15406 0
72.20152 0
72.24699 0
72.29234 0
72.33601 0
72.37946 0
72.42288 0
72.46721 0
72.51189 0
72.55125 0
72.5876 0
72.62361 0
72.65788 0
72.69321 0
72.72793 0
72.76215 0
72.79792 0
72.83168 0
72.87225 0
72.9121 0
72.95397 0
72.99761 0
73.03931 0
73.08041 0
73.12415 0
73.16941 0
73.215 0
73.25555 0
73.29861 0
73.34374 0
73.38918 0
73.43476 0
73.46739 0
73.50552 0
73.54234 0
73.57745 0
73.61219 0
73.6489 0
73.68331 0
73.71762 0
73.75349 0
73.78755 0
73.82179 0
73.86049 0
73.89765 0
73.93206 0
73.96609 0
74.00124 0
74.03664 0
74.06973 0
74.1041 0
74.14408 0
74.18732 0
74.22769 0
74.26889 0
74.3103 0
74.35095 0
74.39098 0
74.43106 0
74.47278 0
74.51478 0
74.55489 0
74.59605 0
74.63605 0
74.67622 0
74.71655 0
74.7573 0
74.7935 0
74.82585 0
74.85826 0
74.8942 0
74.93345 0
74.97289 0
75.01275 0
75.05259 0
75.09264 0
75.14516 0
75.18302 0
75.22182 0
75.26072 0
75.29953 0
75.33858 0
75.37748 0
75.41715 0
75.45705 0
75.4967 0
75.53496 0
75.5737 0
75.61192 0
75.65038 0
75.68897 0
75.72772 0
75.76781 0
75.80711 0
75.84623 0
75.88536 0
75.92333 0
75.96429 0
76.00291 0
76.04182 0
76.08145 0
76.12074 0
76.1569 0
76.18979 0
76.22178 0
76.25283 0
76.28481 0
76.31512 0
76.34563 0
76.37653 0
76.40863 0
76.44672 0
76.48479 0
76.52272 0
76.56088 0
76.59924 0
76.6367 0
76.67467 0
76.71331 0
76.75196 0
76.7896 0
76.82782 0
76.86704 0
76.90658 0
76.9447 0
76.98299 0
77.02123 0
77.05318 0
77.08347 0
77.11365 0
77.1444 0
77.17735 0
77.21533 0
77.25579 0
77.29319 0
77.32998 0
77.36843 0
77.40536 0
77.44226 0
77.48389 0
77.54802 0
77.58494 0
77.62198 0
77.65944 0
77.6972 0
77.73477 0
77.77344 0
77.81156 0
77.85003 0
77.88907 0
77.92833 0
77.96697 0
78.00527 0
78.0423 0
78.07999 0
78.11179 0
78.1424 0
78.17222 0
78.20167 0
78.23223 0
78.26198 0
78.29148 0
78.32092 0
78.35121 0
78.38907 0
78.42721 0
78.46503 0
78.50288 0
78.54166 0
78.57956 0
78.61782 0
78.6561 0
78.69472 0
78.73336 0
78.77231 0
78.8116 0
78.8508 0
78.88947 0
78.92854 0
78.96768 0
79.00697 0
79.0463 0
79.08583 0
79.12492 0
79.16439 0
79.20334 0
79.24281 0
79.28184 0
79.32162 0
79.36108 0
79.40121 0
79.44056 0
79.47988 0
79.51954 0
79.55887 0
79.59852 0
79.63839 0
79.67818 0
79.7176 0
79.7523 0
79.78439 0
79.81739 0
79.8494 0
79.8835 0
79.91585 0
79.94765 0
79.98019 0
80.01178 0
80.0441 0
80.07598 0
80.10829 0
80.14023 0
80.17258 0
80.2048 0
80.23711 0
80.26912 0
80.3036 0
80.33562 0
80.36772 0
80.4058 0
80.44533 0
80.48565 0
80.53017 0
80.57175 0
80.61237 0
80.65243 0
80.69286 0
80.73354 0
80.77358 0
80.81529 0
80.85589 0
80.89594 0
80.93587 0
80.97658 0
81.01693 0
81.05737 0
81.09839 0
81.15254 0
81.18883 0
81.22271 0
81.25637 0
81.29077 0
81.32613 0
81.36095 0
81.39632 0
81.4317 0
81.46704 0
81.5033 0
81.54642 0
81.58215 0
81.6181 0
81.65367 0
81.6889 0
81.72404 0
81.76508 0
81.80987 0
81.85462 0
81.8991 0
81.94416 0
81.98817 0
82.03438 0
82.07839 0
82.12479 0
82.17019 0
82.21642 0
82.26167 0
82.30728 0
82.3544 0
82.39982 0
82.43864 0
82.47613 0
82.51378 0
82.55125 0
82.58929 0
82.62703 0
82.66389 0
82.70036 0
82.73811 0
82.776 0
82.81328 0
82.8503 0
82.88769 0
82.92432 0
82.962 0
82.99797 0
83.04115 0
83.08776 0
83.13278 0
83.1778 0
83.2233 0
83.26831 0
83.31342 0
83.35846 0
83.40384 0
83.44922 0
83.49545 0
83.54066 0
83.58623 0
83.63117 0
83.67599 0
83.72171 0
83.76875 0
83.81039 0
83.84882 0
83.88786 0
83.92598 0
83.96694 0
84.00609 0
84.04334 0
84.08223 0
84.12029 0
84.15957 0
84.19869 0
84.23857 0
84.2757 0
84.31237 0
84.35002 0
84.391 0
84.43238 0
84.47429 0
84.51377 0
84.55447 0
84.59467 0
84.63425 0
84.67617 0
84.71607 0
84.7545 0
84.79198 0
84.82925 0
84.86622 0
84.90372 0
84.94093 0
84.97797 0
85.01591 0
85.05405 0
85.09212 0
85.13029 0
85.16638 0
85.20364 0
85.24039 0
85.27672 0
85.31352 0
85.35011 0
85.38686 0
85.42453 0
85.46063 0
85.49715 0
85.53304 0
85.56906 0
85.60545 0
85.64114 0
85.67721 0
85.71404 0
85.75077 0
85.78786 0
85.82523 0
85.84522 0
85.86523 0
85.90029 0
85.97266 0
85.99757 0
86.02322 0
86.05354 0
86.0953 0
86.12666 0
86.16161 0
86.20039 0
86.23904 0
86.27881 0
86.3191 0
86.36049 0
86.40161 0
86.44438 0
86.4854 0
86.52688 0
86.56768 0
86.60889 0
86.65041 0
86.69144 0
86.73286 0
86.77326 0
86.81384 0
86.85488 0
86.89587 0
86.9381 0
86.98 0
87.02361 0
87.06229 0
87.0973 0
87.13074 0
87.16551 0
87.19979 0
87.23441 0
87.27187 0
87.31351 0
87.35501 0
87.39565 0
87.4372 0
87.47939 0
87.53087 0
87.5733 0
87.61661 0
87.65781 0
87.69964 0
87.74036 0
87.78284 0
87.83046 0
87.87465 0
87.9194 0
87.95234 0
87.98685 0
88.02194 0
88.05936 0
88.0924 0
88.1321 0
88.17403 0
88.21681 0
88.25791 0
88.30037 0
88.34367 0
88.38528 0
88.42883 0
88.47191 0
88.51385 0
88.55795 0
88.60306 0
88.64871 0
88.69118 0
88.73499 0
88.77959 0
88.79959 0
88.81959 0
88.87794 0
88.93361 0
88.97683 0
89.01522 0
89.06246 0
89.102 0
89.1515 0
89.18361 0
89.22142 0
89.26435 0
89.29652 0
89.33028 0
89.36329 0
89.39811 0
89.43262 0
89.46835 0
89.50407 0
89.53896 0
89.57368 0
89.60947 0
89.64462 0
89.67966 0
89.71439 0
89.75401 0
89.7971 0
89.84116 0
89.88298 0
89.92456 0
89.96742 0
90.01012 0
90.05174 0
90.09291 0
90.13477 0
90.17771 0
90.22031 0
90.26316 0
90.30097 0
90.33659 0
90.37238 0
90.40667 0
90.44247 0
90.47735 0
90.514 0
90.548 0
90.58549 0
90.6192 0
90.65341 0
90.68705 0
90.72202 0
90.75683 0
90.79165 0
90.82666 0
90.8644 0
90.89871 0
90.93147 0
90.96626 0
91.00098 0
91.03606 0
91.07094 0
91.11007 0
91.15217 0
91.19498 0
91.23678 0
91.27847 0
91.31989 0
91.36151 0
91.40251 0
91.44434 0
91.48596 0
91.52785 0
91.56887 0
91.60979 0
91.64695 0
91.68105 0
91.71523 0
91.75079 0
91.78712 0
91.82296 0
91.85967 0
91.89426 0
91.93006 0
91.96534 0
92.00116 0
92.03732 0
92.07305 0
92.10997 0
92.14909 0
92.18542 0
92.23341 0
92.27456 0
92.31145 0
92.3466 0
92.38166 0
92.41615 0
92.45071 0
92.4855 0
92.52088 0
92.55659 0
92.59286 0
92.62547 0
92.65957 0
92.69333 0
92.7273 0
92.76374 0
92.79601 0
92.82999 0
92.86505 0
92.89889 0
92.93457 0
92.97128 0
93.01283 0
93.05405 0
93.0956 0
93.13747 0
93.18078 0
93.22221 0
93.26314 0
93.30534 0
93.34695 0
93.39087 0
93.43699 0
93.47424 0
93.508 0
93.54639 0
93.62446 0
93.64936 0
93.68246 0
93.71674 0
93.75024 0
93.78526 0
93.82153 0
93.85519 0
93.88998 0
93.9237 0
93.95869 0
93.99281 0
94.02735 0
94.0619 0
94.096 0
94.13107 0
94.16447 0
94.19936 0
94.23289 0
94.26647 0
94.29988 0
94.33422 0
94.36816 0
94.40232 0
94.43631 0
94.46931 0
94.50405 0
94.53853 0
94.57271 0
94.60616 0
94.6406 0
94.67474 0
94.70894 0
94.74223 0
94.7753 0
94.80908 0
94.8432 0
94.87664 0
94.91114 0
94.94545 0
94.97987 0
95.01286 0
95.04681 0
95.08036 0
95.11469 0
95.14828 0
95.18125 0
95.21575 0
95.24916 0
95.28322 0
95.31743 0
95.35175 0
95.38586 0
95.42062 0
95.45414 0
95.48822 0
95.52192 0
95.55617 0
95.59065 0
95.62439 0
95.65853 0
95.69225 0
95.72606 0
95.75964 0
95.79348 0
95.82751 0
95.86177 0
95.89708 0
95.93687 0
95.98041 0
96.02186 0
96.06257 0
96.10307 0
96.14394 0
96.18451 0
96.22485 0
96.26591 0
96.30617 0
96.34616 0
96.3866 0
96.42735 0
96.46806 0
96.50896 0
96.54931 0
96.59039 0
96.63101 0
96.67149 0
96.71189 0
96.75254 0
96.79292 0
96.83294 0
96.87307 0
96.91365 0
96.95422 0
96.99564 0
97.03626 0
97.07695 0
97.1175 0
97.15802 0
97.19888 0
97.24061 0
97.28159 0
97.32159 0
97.36206 0
97.40245 0
97.44366 0
97.48368 0
97.52426 0
97.56463 0
97.60533 0
97.64598 0
97.70133 0
97.74125 0
97.78195 0
97.82215 0
97.863 0
97.90366 0
97.94554 0
97.98108 0
98.01502 0
98.04986 0
98.08389 0
98.11789 0
98.1515 0
98.18528 0
98.21966 0
98.25316 0
98.28732 0
98.32146 0
98.35565 0
98.3941 0
98.43587 0
98.47745 0
98.5178 0
98.55868 0
98.59932 0
98.64092 0
98.68198 0
98.72227 0
98.76301 0
98.80356 0
98.84452 0
98.88588 0
98.92638 0
98.96705 0
99.00754 0
99.04843 0
99.0891 0
99.13078 0
99.17123 0
99.21179 0
99.25307 0
99.29398 0
99.33488 0
99.37608 0
99.41725 0
99.45814 0
99.4994 0
99.54007 0
99.58097 0
99.62154 0
99.66189 0
99.70225 0
99.74272 0
99.78255 0
99.82302 0
99.86268 0
99.90213 0
99.94165 0
99.98159 0
100.0224 0
100.0621 0
100.1021 0
100.1421 0
100.1813 0
100.2204 0
100.2603 0
100.2994 0
100.3386 0
100.378 0
100.417 0
100.456 0
100.4963 0
100.5354 0
100.575 0
100.6147 0
100.6544 0
100.6934 0
100.7332 0
100.7725 0
100.8119 0
100.8521 0
100.8922 0
100.9315 0
100.9709 0
101.0105 0
101.0505 0
101.0899 0
101.129 0
101.1685 0
101.2073 0
101.2466 0
101.2858 0
101.3251 0
101.3653 0
101.4053 0
101.4444 0
101.4844 0
101.5242 0
101.5635 0
101.6029 0
101.6437 0
101.686 0
101.7272 0
101.7695 0
101.8117 0
101.8539 0
101.8961 0
101.938 0
101.9751 0
102.0082 0
102.0414 0
102.0757 0
102.1112 0
102.1449 0
102.1789 0
102.2126 0
102.247 0
102.2813 0
102.3148 0
102.3499 0
102.3841 0
102.4178 0
102.4516 0
102.4859 0
102.5212 0
102.5622 0
102.6032 0
102.6438 0
102.6843 0
102.7257 0
102.7673 0
102.808 0
102.8491 0
102.89 0
102.9312 0
102.9717 0
103.0127 0
103.0533 0
103.0943 0
103.1349 0
103.1768 0
103.2169 0
103.2578 0
103.2982 0
103.3394 0
103.3804 0
103.4221 0
103.4631 0
103.5043 0
103.5456 0
103.5868 0
103.6279 0
103.6689 0
103.7097 0
103.7505 0
103.7888 0
103.8226 0
103.8556 0
103.8895 0
103.9232 0
103.9578 0
103.9921 0
104.0255 0
104.0598 0
104.0951 0
104.1313 0
104.1662 0
104.201 0
104.2383 0
104.2734 0
104.3081 0
104.3426 0
104.3772 0
104.4119 0
104.4465 0
104.481 0
104.5154 0
104.5497 0
104.594 0
104.6274 0
104.6615 0
104.6953 0
104.7314 0
104.7718 0
104.8126 0
104.8542 0
104.8951 0
104.936 0
104.9769 0
105.0177 0
105.0581 0
105.099 0
105.1402 0
105.1814 0
105.2223 0
105.2628 0
105.3038 0
105.3446 0
105.3856 0
105.4262 0
105.4676 0
105.5081 0
105.5486 0
105.5897 0
105.6305 0
105.6709 0
105.7118 0
105.7529 0
105.7939 0
105.8352 0
105.8763 0
105.9171 0
105.9575 0
105.9985 0
106.0332 0
106.0672 0
106.1021 0
106.1379 0
106.1733 0
106.2085 0
106.2433 0
106.2775 0
106.3118 0
106.3456 0
106.3797 0
106.4137 0
106.4489 0
106.4838 0
106.5188 0
106.5521 0
106.5865 0
106.6206 0
106.6554 0
106.6938 0
106.7345 0
106.7749 0
106.8156 0
106.8585 0
106.8986 0
106.9395 0
106.9804 0
107.0224 0
107.0633 0
107.1046 0
107.1453 0
107.1868 0
107.227 0
107.2678 0
107.3101 0
107.3506 0
107.3841 0
107.4184 0
107.458 0
107.4991 0
107.5399 0
107.5806 0
107.6224 0
107.6632 0
107.7041 0
107.7448 0
107.7864 0
107.8292 0
107.8722 0
107.9155 0
107.9586 0
108.0013 0
108.0443 0
108.0871 0
108.1305 0
108.1732 0
108.2171 0
108.2573 0
108.293 0
108.3273 0
108.3626 0
108.3981 0
108.4332 0
108.4689 0
108.5026 0
108.5361 0
108.5698 0
108.6037 0
108.6424 0
108.6834 0
108.7243 0
108.7647 0
108.8061 0
108.8465 0
108.8877 0
108.9283 0
108.9691 0
109.0111 0
109.0524 0
109.0933 0
109.1341 0
109.1692 0
109.2041 0
109.2387 0
109.2734 0
109.3078 0
109.3414 0
109.376 0
109.4092 0
109.4441 0
109.4787 0
109.5146 0
109.5498 0
109.5835 0
109.6174 0
109.6512 0
109.6859 0
109.7193 0
109.7598 0
109.8014 0
109.8425 0
109.8842 0
109.9243 0
109.9656 0
110.0066 0
110.0474 0
110.0886 0
110.1297 0
110.1701 0
110.2111 0
110.2515 0
110.2928 0
110.3346 0
110.3758 0
110.4162 0
110.4569 0
110.4977 0
110.5315 0
110.5657 0
110.6009 0
110.6368 0
110.6719 0
110.7066 0
110.743 0
110.7843 0
110.8249 0
110.8665 0
110.9071 0
110.9481 0
110.9887 0
111.0301 0
111.0724 0
111.1134 0
111.1545 0
111.1957 0
111.2364 0
111.2778 0
111.3192 0
111.36 0
111.4007 0
111.4557 0
111.4965 0
111.539 0
111.5797 0
111.6202 0
111.662 0
111.7027 0
111.7434 0
111.7837 0
111.8248 0
111.8617 0
111.8959 0
111.9304 0
111.9636 0
111.9977 0
112.0313 0
112.0661 0
112.1013 0
112.1354 0
112.17 0
112.2036 0
112.237 0
112.2706 0
112.3059 0
112.3395 0
112.3733 0
112.4069 0
112.4399 0
112.4735 0
112.5078 0
112.5413 0
112.5746 0
112.609 0
112.6438 0
112.6789 0
112.7134 0
112.7472 0
112.7809 0
112.8153 0
112.8495 0
112.8842 0
112.9183 0
112.9531 0
112.9872 0
113.0215 0
113.0553 0
113.089 0
113.1239 0
113.1586 0
113.1939 0
113.2352 0
113.2758 0
113.3168 0
113.3592 0
113.4029 0
113.4442 0
113.4859 0
113.5915 0
113.6322 0
113.6681 0
113.7027 0
113.7373 0
113.7709 0
113.8088 0
113.8499 0
113.8906 0
113.9318 0
113.9731 0
114.0134 0
114.0538 0
114.0964 0
114.1376 0
114.1785 0
114.2194 0
114.2607 0
114.3025 0
114.3431 0
114.3847 0
114.4254 0
114.4668 0
114.5086 0
114.551 0
114.593 0
114.631 0
114.6655 0
114.7009 0
114.7398 0
114.7803 0
114.8208 0
114.8622 0
114.9027 0
114.9444 0
114.9978 0
115.0386 0
115.0801 0
115.122 0
115.1629 0
115.2037 0
115.2446 0
115.286 0
115.3281 0
115.3687 0
115.4098 0
115.447 0
115.5701 0
115.6397 0
115.6998 0
115.7631 0
115.8247 0
115.9388 0
115.9913 0
116.0794 0
116.4127 0
116.444 0
116.479 0
116.5132 0
116.5458 0
116.5814 0
116.6231 0
116.657 0
116.6905 0
116.7246 0
116.7579 0
116.7923 0
116.833 0
116.8739 0
116.9143 0
117.1335 0
117.1665 0
117.2039 0
117.2369 0
117.2701 0
117.3033 0
117.3361 0
117.3699 0
117.4029 0
117.4362 0
117.4711 0
117.5111 0
117.5514 0
117.5914 0
117.6317 0
117.6714 0
117.7121 0
117.753 0
117.7957 0
117.8352 0
117.8768 0
117.8968 0
117.9168 0
117.9612 0
118.0629 0
118.1256 0
118.2053 0
118.2628 0
118.3069 0
118.3367 0
118.3819 0
118.4068 0
118.4356 0
118.4675 0
118.4997 0
118.5319 0
118.5642 0
118.5974 0
118.631 0
118.671 0
118.711 0
118.7529 0
118.7967 0
118.8438 0
118.8849 0
118.9264 0
118.9686 0
119.3019 0
119.4368 0
119.4669 0
119.4995 0
119.5326 0
119.5654 0
119.5989 0
119.6328 0
119.6667 0
119.7023 0
119.739 0
119.774 0
119.8088 0
119.8458 0
