23.81174 0
23.85483 0
23.8988 0
23.94966 0
23.9929 0
24.03201 0
24.07125 0
24.11058 0
24.14796 0
24.18445 0
24.22232 0
24.25916 0
24.29433 0
24.3318 0
24.36704 0
24.40284 0
24.44427 0
24.48291 0
24.51553 0
24.54821 0
24.58 0
24.61159 0
24.64352 0
24.67609 0
24.70786 0
24.74034 0
24.7725 0
24.80469 0
24.83789 0
24.87104 0
24.90548 0
24.93754 0
24.97381 0
25.01052 0
25.042 0
25.07313 0
25.10324 0
25.13413 0
25.16506 0
25.19626 0
25.22728 0
25.25892 0
25.29046 0
25.32252 0
25.35342 0
25.38343 0
25.41441 0
25.44529 0
25.48661 0
25.51715 0
25.55061 0
25.58295 0
25.61382 0
25.6449 0
25.67688 0
25.70869 0
25.74539 0
25.77973 0
25.81174 0
25.84211 0
25.87308 0
25.90335 0
25.93352 0
25.96571 0
25.99611 0
26.02708 0
26.05832 0
26.09011 0
26.12086 0
26.15198 0
26.18295 0
26.21392 0
26.2461 0
26.2789 0
26.31225 0
26.34624 0
26.38114 0
26.41644 0
26.45155 0
26.48699 0
26.52153 0
26.55686 0
26.59275 0
26.62918 0
26.66648 0
26.70376 0
26.74253 0
26.78165 0
26.82009 0
26.85738 0
26.89673 0
26.93447 0
26.97298 0
27.01291 0
27.06008 0
27.10307 0
27.14157 0
27.18094 0
27.21919 0
27.25808 0
27.29603 0
27.3375 0
27.37658 0
27.41664 0
27.45659 0
27.49904 0
27.53888 0
27.57982 0
27.62073 0
27.66172 0
27.70301 0
27.74479 0
27.78572 0
27.82671 0
27.86742 0
27.91051 0
27.95202 0
27.99327 0
28.04242 0
28.08859 0
28.13128 0
28.17645 0
28.21895 0
28.26195 0
28.30553 0
28.35617 0
28.40493 0
28.45313 0
28.49603 0
28.54058 0
28.587 0
28.63315 0
28.67621 0
28.71959 0
28.75776 0
28.79292 0
28.82796 0
28.87985 0
28.92188 0
28.96644 0
29.01073 0
29.05402 0
29.09656 0
29.13811 0
29.17914 0
29.21966 0
29.25994 0
29.30123 0
29.34354 0
29.38461 0
29.42648 0
29.46759 0
29.50856 0
29.54945 0
29.59064 0
29.63231 0
29.67265 0
29.71352 0
29.75443 0
29.79501 0
29.83632 0
29.87846 0
29.91877 0
29.95891 0
29.99955 0
30.04059 0
30.08136 0
30.12261 0
30.16251 0
30.20351 0
30.24453 0
30.28568 0
30.33758 0
30.37746 0
30.41807 0
30.45822 0
30.4984 0
30.54037 0
30.57366 0
30.60714 0
30.64157 0
30.67485 0
30.70941 0
30.756 0
30.8012 0
30.84103 0
30.88237 0
30.9231 0
30.96407 0
31.00522 0
31.04835 0
31.08951 0
31.13026 0
31.17119 0
31.21212 0
31.2533 0
31.29445 0
31.33587 0
31.37844 0
31.42013 0
31.46144 0
31.50246 0
31.54545 0
31.58587 0
31.62818 0
31.6692 0
31.71086 0
31.75315 0
31.79453 0
31.83667 0
31.87766 0
31.91838 0
31.95946 0
32.0003 0
32.0419 0
32.08356 0
32.12512 0
32.16661 0
32.20809 0
32.24892 0
32.29034 0
32.33238 0
32.3746 0
32.41735 0
32.45815 0
32.50007 0
32.5427 0
32.58371 0
32.62536 0
32.66698 0
32.70835 0
32.74916 0
32.79067 0
32.83198 0
32.87422 0
32.91558 0
32.95687 0
32.99809 0
33.0394 0
33.08155 0
33.12169 0
33.16317 0
33.20451 0
33.24569 0
33.28654 0
33.32758 0
33.36965 0
33.41068 0
33.45269 0
33.49419 0
33.53931 0
33.582 0
33.62276 0
33.66574 0
