2.238012 0
2.273963 0
2.308837 0
2.342974 0
2.378237 0
2.411848 0
2.442326 0
2.474659 0
2.508255 0
2.540648 0
2.570578 0
2.602015 0
2.63028 0
2.66269 0
2.692378 0
2.718622 0
2.749148 0
2.779133 0
2.806338 0
2.834372 0
2.861857 0
2.890028 0
2.920415 0
2.95044 0
2.979524 0
3.011545 0
3.040748 0
3.070504 0
3.10073 0
3.131366 0
3.161751 0
3.193763 0
3.2232 0
3.253117 0
3.282567 0
3.314367 0
3.343165 0
3.375257 0
3.406259 0
3.435849 0
3.464892 0
3.495001 0
3.525625 0
3.558984 0
3.58917 0
3.620352 0
3.649276 0
3.679579 0
3.711392 0
3.740485 0
3.771111 0
3.802335 0
3.831957 0
3.861493 0
3.892161 0
3.923475 0
3.954324 0
3.985508 0
4.014904 0
4.044975 0
4.075263 0
4.105277 0
4.133998 0
4.162858 0
4.192357 0
4.221212 0
4.253343 0
4.285382 0
4.313666 0
4.346064 0
4.376651 0
4.405902 0
4.440439 0
4.473374 0
4.502692 0
4.532836 0
4.564019 0
4.595229 0
4.624372 0
4.653481 0
4.68399 0
4.713861 0
4.74374 0
4.773176 0
4.807401 0
4.83855 0
4.869518 0
4.900669 0
4.932321 0
4.963946 0
4.995627 0
5.026366 0
5.061151 0
5.092854 0
5.1788 0
5.214295 0
5.25056 0
5.285513 0
5.319334 0
5.349473 0
5.381119 0
5.412029 0
5.442882 0
5.473839 0
5.506086 0
5.534741 0
5.563984 0
5.597294 0
5.627783 0
5.658331 0
5.688235 0
5.725849 0
5.757116 0
5.786773 0
5.822561 0
5.859065 0
5.896353 0
5.934211 0
5.966764 0
5.99654 0
6.025404 0
6.056292 0
6.085897 0
6.124893 0
6.154073 0
6.189716 0
6.219569 0
6.250874 0
6.283297 0
6.317127 0
6.349481 0
6.379559 0
6.408818 0
6.441388 0
6.475492 0
6.511938 0
6.546768 0
6.579859 0
6.612984 0
6.646137 0
6.682461 0
6.717314 0
6.75306 0
6.790848 0
6.825184 0
6.856785 0
6.894807 0
6.928268 0
6.959674 0
6.993721 0
7.025033 0
7.069123 0
7.101248 0
7.145226 0
7.175961 0
7.207066 0
7.238451 0
7.27129 0
7.302976 0
7.335627 0
7.366585 0
7.397334 0
7.42838 0
7.45749 0
7.487315 0
7.518114 0
7.550394 0
7.581501 0
7.612648 0
7.644896 0
7.680647 0
7.715261 0
7.749937 0
7.781403 0
7.81487 0
7.846651 0
7.87761 0
7.908479 0
7.941054 0
7.971714 0
8.005283 0
8.038474 0
8.072307 0
8.10322 0
8.134211 0
8.164847 0
8.196141 0
8.226786 0
8.258002 0
8.291057 0
8.322437 0
8.353786 0
8.385287 0
8.417817 0
8.450435 0
8.483286 0
8.518025 0
8.551821 0
8.586011 0
8.621771 0
8.655811 0
8.69037 0
8.725143 0
8.759138 0
8.794239 0
8.82855 0
8.86265 0
8.896335 0
8.93207 0
8.965292 0
9.000396 0
9.033803 0
9.067325 0
9.101662 0
9.136151 0
9.171961 0
9.208584 0
9.244896 0
9.279777 0
9.315874 0
9.351712 0
9.389605 0
9.42699 0
9.463327 0
9.499219 0
9.53626 0
9.572534 0
9.609096 0
9.644925 0
9.682009 0
9.721326 0
9.760681 0
9.800085 0
9.838315 0
9.876532 0
9.914437 0
9.952274 0
9.99164 0
10.03079 0
10.07017 0
10.11106 0
10.15088 0
10.1945 0
10.23585 0
10.27612 0
10.31815 0
