0.7829589 0
0.8139776 0
0.8433868 0
0.9015895 0
0.9312805 0
0.9605605 0
0.9884111 0
1.01871 0
1.050926 0
1.086385 0
1.117038 0
1.143666 0
1.174882 0
1.202958 0
1.229095 0
1.253994 0
1.280742 0
1.30831 0
1.334168 0
1.365121 0
1.394395 0
1.419941 0
1.444844 0
1.469743 0
1.494645 0
1.519545 0
1.548018 0
1.576032 0
1.603797 0
1.631584 0
1.660879 0
1.700792 0
1.732472 0
1.760906 0
1.788858 0
1.819053 0
1.847495 0
1.885642 0
1.919074 0
1.948125 0
1.978121 0
2.007466 0
2.039579 0
2.066213 0
2.093036 0
2.120419 0
2.147367 0
2.175558 0
2.203173 0
2.231408 0
2.257835 0
2.284114 0
2.311142 0
2.337782 0
2.364198 0
2.392032 0
2.418247 0
2.44531 0
2.477556 0
2.508786 0
2.538872 0
2.574707 0
2.603301 0
2.630605 0
2.657881 0
2.683866 0
2.710901 0
2.739207 0
2.766319 0
2.795543 0
2.84638 0
2.873289 0
2.899492 0
2.925209 0
2.953532 0
2.98035 0
3.009366 0
3.037922 0
3.066088 0
3.092218 0
3.117845 0
3.144398 0
3.17352 0
3.20016 0
3.226848 0
3.252526 0
3.278862 0
3.306038 0
3.33227 0
3.36083 0
3.387497 0
3.415032 0
3.442446 0
3.470177 0
3.498024 0
3.526383 0
3.55401 0
3.582506 0
3.616273 0
3.649792 0
3.680887 0
3.711759 0
3.742223 0
3.774564 0
3.805333 0
3.836623 0
3.869646 0
3.902357 0
3.934198 0
3.963107 0
3.992316 0
4.021768 0
4.051935 0
4.0825 0
4.113116 0
4.142951 0
4.174631 0
4.204531 0
4.234349 0
4.263771 0
4.293495 0
4.323639 0
4.356457 0
4.387205 0
4.41767 0
4.449593 0
4.480319 0
4.510246 0
4.540183 0
4.570389 0
4.601194 0
4.63096 0
4.662078 0
4.693697 0
4.726306 0
4.762163 0
4.799511 0
4.8324 0
4.863758 0
4.895664 0
4.928146 0
4.960437 0
4.993826 0
5.025741 0
5.058146 0
5.094475 0
5.128008 0
5.162105 0
5.204641 0
5.237998 0
5.27037 0
5.302202 0
5.334648 0
5.366927 0
5.398652 0
5.429504 0
5.46052 0
5.489833 0
5.518246 0
5.546861 0
5.576087 0
5.605711 0
5.632641 0
5.661826 0
5.691988 0
5.720955 0
5.750038 0
5.778054 0
5.806611 0
5.835098 0
5.864793 0
5.897758 0
5.932219 0
5.990626 0
6.018574 0
6.049498 0
6.080504 0
6.11147 0
6.143306 0
6.176114 0
6.210199 0
6.2428 0
6.276765 0
6.309705 0
6.342477 0
6.377133 0
6.411672 0
6.446976 0
6.482018 0
6.518076 0
6.552945 0
6.588774 0
6.624881 0
6.661467 0
6.697333 0
6.735477 0
6.772941 0
6.81197 0
6.849216 0
6.886625 0
6.926468 0
6.965952 0
7.009395 0
7.053066 0
7.095676 0
7.135437 0
7.468243 0
7.603366 0
7.66509 0
7.728065 0
7.752967 0
7.781562 0
7.813418 0
7.846071 0
7.878559 0
7.913814 0
7.946599 0
7.988509 0
8.030046 0
8.072049 0
8.113422 0
8.171575 0
8.21669 0
8.256664 0
8.297159 0
8.3376 0
8.37766 0
8.417953 0
8.457611 0
8.497166 0
8.536875 0
8.576996 0
8.616476 0
8.657174 0
8.697501 0
8.737114 0
8.777082 0
8.81692 0
8.857256 0
8.898074 0
8.937779 0
8.977574 0
9.017534 0
9.057001 0
9.097604 0
9.137268 0
9.177468 0
9.217188 0
9.25703 0
9.303231 0
9.347336 0
9.38713 0
9.426378 0
9.465636 0
9.505847 0
9.545303 0
9.584794 0
9.624678 0
9.664532 0
9.705379 0
9.745769 0
9.785752 0
9.825433 0
9.865173 0
9.905139 0
9.946566 0
9.988961 0
10.02985 0
10.06985 0
10.11029 0
10.15013 0
10.19565 0
10.23476 0
10.27482 0
10.31467 0
10.35372 0
10.39344 0
10.43979 0
10.48438 0
10.52347 0
10.56202 0
10.60117 0
10.64189 0
10.68105 0
10.72013 0
10.75961 0
10.79996 0
10.83906 0
10.87903 0
10.91887 0
10.95915 0
11.0299 0
11.05711 0
11.09635 0
11.1358 0
11.17481 0
11.21404 0
11.25438 0
11.2943 0
11.33362 0
11.37277 0
11.41176 0
11.45162 0
11.49107 0
11.53136 0
11.57571 0
11.62019 0
11.65958 0
11.69857 0
11.7382 0
11.77747 0
11.81613 0
11.85541 0
11.89437 0
11.93355 0
11.97309 0
12.0135 0
12.05376 0
12.09357 0
12.13281 0
12.17315 0
12.21229 0
12.25242 0
12.29182 0
12.33125 0
12.37208 0
12.41395 0
12.45316 0
12.49421 0
12.53409 0
12.57358 0
12.61368 0
12.65379 0
12.70127 0
12.74533 0
12.78461 0
12.82449 0
12.86425 0
12.90472 0
12.94452 0
12.9852 0
13.02574 0
13.06508 0
13.10363 0
13.14232 0
13.18207 0
13.221 0
13.26008 0
13.29878 0
13.33684 0
13.37607 0
13.41444 0
13.45317 0
13.4929 0
13.53193 0
13.57049 0
13.60934 0
13.64949 0
13.68818 0
13.72655 0
13.76622 0
13.80628 0
13.85008 0
13.89382 0
13.9326 0
13.97057 0
14.00899 0
14.04617 0
14.08456 0
14.12191 0
14.1613 0
14.20032 0
14.23795 0
14.27516 0
14.31361 0
14.35344 0
14.39083 0
14.42857 0
14.46638 0
14.50373 0
14.54109 0
14.57884 0
14.61781 0
14.65523 0
14.69326 0
14.73203 0
14.77027 0
14.80804 0
14.84554 0
14.88331 0
14.92167 0
14.9636 0
15.00679 0
15.04606 0
15.08453 0
15.12192 0
15.15917 0
15.19648 0
15.2341 0
15.27276 0
15.31063 0
15.34871 0
15.38699 0
15.42575 0
15.46383 0
15.50115 0
15.53876 0
15.57762 0
15.61552 0
15.65345 0
15.69166 0
15.72943 0
15.76868 0
15.80614 0
15.84353 0
15.88168 0
15.92043 0
15.96009 0
15.99776 0
16.03644 0
16.07851 0
16.1259 0
16.17129 0
16.21695 0
16.25672 0
16.29443 0
16.33222 0
16.37196 0
16.40929 0
16.44793 0
16.48511 0
16.52246 0
16.55988 0
16.59751 0
16.63596 0
16.67456 0
16.71163 0
16.74916 0
16.78762 0
16.82564 0
16.86354 0
16.90086 0
16.93851 0
16.97723 0
17.01547 0
17.05412 0
17.09152 0
17.12988 0
17.1703 0
17.21117 0
17.25344 0
17.29297 0
17.3317 0
17.37012 0
17.40672 0
17.44504 0
17.4824 0
17.52016 0
17.55736 0
17.59544 0
17.63227 0
17.67005 0
17.70758 0
17.74519 0
17.78344 0
17.82118 0
17.85968 0
17.89807 0
17.93608 0
17.97454 0
18.01366 0
18.05139 0
18.08983 0
18.12748 0
18.1661 0
18.20403 0
18.24235 0
18.27951 0
18.32334 0
18.36741 0
18.40707 0
18.4452 0
18.48337 0
18.52084 0
18.55821 0
18.5957 0
18.63309 0
18.6713 0
18.7109 0
18.74819 0
18.7868 0
18.82753 0
18.86429 0
18.90202 0
18.93875 0
18.97612 0
19.01349 0
19.05112 0
19.08741 0
19.12508 0
19.16266 0
19.19949 0
19.23679 0
19.27389 0
19.31208 0
19.34829 0
19.38493 0
19.42198 0
19.46218 0
19.50422 0
19.54307 0
19.57936 0
19.61618 0
19.65421 0
19.69081 0
19.72866 0
19.76649 0
19.80305 0
19.83915 0
19.87573 0
19.91182 0
19.94911 0
19.98667 0
20.0233 0
20.05983 0
20.09613 0
20.13368 0
20.17018 0
20.20633 0
20.24271 0
20.27923 0
20.31635 0
20.35421 0
20.3902 0
20.42655 0
20.46355 0
20.50081 0
20.53705 0
20.57546 0
20.61798 0
20.65687 0
20.69483 0
20.73263 0
20.76974 0
20.80521 0
20.83925 0
20.87343 0
20.90567 0
20.93784 0
20.97117 0
21.00411 0
21.03649 0
21.06959 0
21.10185 0
21.13481 0
21.16854 0
21.21327 0
21.24847 0
21.28225 0
21.31627 0
21.35051 0
21.38541 0
21.4214 0
21.45579 0
21.49 0
21.52383 0
21.55733 0
21.59097 0
21.62534 0
21.6597 0
21.69471 0
21.73286 0
21.76941 0
21.80417 0
21.83754 0
21.87119 0
21.90605 0
21.94011 0
21.97377 0
22.00683 0
22.04113 0
22.07414 0
22.10708 0
22.14038 0
22.17463 0
22.20877 0
22.24273 0
22.27659 0
22.31043 0
22.34687 0
22.38314 0
22.4171 0
22.44997 0
22.48667 0
22.52083 0
22.55675 0
22.59071 0
22.62576 0
22.65915 0
22.69228 0
22.7252 0
22.75796 0
22.79152 0
22.82823 0
22.86473 0
22.90465 0
22.9387 0
