1.904225 0
1.951158 0
2.030797 0
2.071208 0
2.10769 0
2.139524 0
2.16663 0
2.192887 0
2.217787 0
2.250282 0
2.275182 0
2.301088 0
2.325988 0
2.35093 0
2.37583 0
2.40073 0
2.431144 0
2.460175 0
2.489333 0
2.517319 0
2.54457 0
2.571888 0
2.600938 0
2.626782 0
2.65272 0
2.678608 0
2.704847 0
2.730562 0
2.757042 0
2.783064 0
2.809223 0
2.835021 0
2.862058 0
2.888917 0
2.916119 0
2.943005 0
2.968921 0
2.994581 0
3.020087 0
3.045429 0
3.071525 0
3.096473 0
3.122288 0
3.147903 0
3.173637 0
3.199085 0
3.223984 0
3.249537 0
3.274437 0
3.299337 0
3.324238 0
3.35017 0
3.37561 0
3.40051 0
3.426451 0
3.451384 0
3.476805 0
3.504463 0
3.530661 0
3.555632 0
3.581608 0
3.60715 0
3.634259 0
3.659159 0
3.684707 0
3.710298 0
3.735631 0
3.761103 0
3.787612 0
3.815277 0
3.842916 0
3.868797 0
3.896047 0
3.92176 0
3.948453 0
3.974325 0
4.000659 0
4.028147 0
4.054282 0
4.080372 0
4.107976 0
4.13608 0
4.161882 0
4.187409 0
4.213294 0
4.240835 0
4.267035 0
4.292942 0
4.362475 0
4.389738 0
4.415189 0
4.440634 0
4.466284 0
4.493522 0
4.519884 0
4.546825 0
4.574367 0
4.601596 0
4.629667 0
4.656416 0
4.68455 0
4.712484 0
4.74007 0
4.7676 0
4.794991 0
4.8226 0
4.851145 0
4.879048 0
4.907476 0
4.935717 0
4.964153 0
4.992359 0
5.020755 0
5.049721 0
5.077888 0
5.105957 0
5.135121 0
5.163574 0
5.192672 0
5.222713 0
5.252381 0
5.282785 0
5.312817 0
5.347787 0
5.384077 0
5.417993 0
5.452741 0
5.490491 0
5.523517 0
5.556953 0
5.588586 0
5.620464 0
5.653783 0
5.68492 0
5.717638 0
5.749162 0
5.7799 0
5.810458 0
5.842269 0
5.873366 0
5.905759 0
5.936834 0
5.968215 0
5.998878 0
6.029326 0
6.059452 0
6.089359 0
6.119334 0
6.150876 0
6.180419 0
6.212059 0
6.244045 0
6.274169 0
6.304263 0
6.335104 0
6.365001 0
6.394188 0
6.423547 0
6.453382 0
6.502461 0
6.536949 0
6.565979 0
6.596699 0
6.626079 0
6.654992 0
6.683486 0
6.711535 0
6.740108 0
6.769979 0
6.802614 0
6.83138 0
6.860558 0
6.890189 0
6.917702 0
6.946773 0
6.975113 0
7.004569 0
7.034865 0
7.066054 0
7.099195 0
7.131713 0
7.162733 0
7.193513 0
7.225557 0
7.257176 0
7.290877 0
7.323924 0
7.355951 0
7.389082 0
7.422916 0
7.455622 0
7.488866 0
7.524469 0
7.557437 0
7.595488 0
7.632099 0
7.673111 0
