8.498401 0
8.538182 0
8.576541 0
8.616645 0
8.660851 0
8.700096 0
8.736617 0
8.77281 0
8.808042 0
8.841585 0
8.87572 0
8.909948 0
8.943765 0
8.975562 0
9.007314 0
9.038202 0
9.069558 0
9.100478 0
9.13044 0
9.159593 0
9.189168 0
9.219483 0
9.248995 0
9.281207 0
9.315744 0
9.344005 0
9.373581 0
9.404339 0
9.434354 0
9.470107 0
9.502907 0
9.532256 0
9.561601 0
9.591264 0
9.620981 0
9.650093 0
9.680512 0
9.709035 0
9.738289 0
9.766171 0
9.794911 0
9.823381 0
9.852691 0
9.880614 0
9.910194 0
9.939259 0
9.967548 0
9.996393 0
10.02535 0
10.0539 0
10.08311 0
10.11245 0
10.14233 0
10.17141 0
10.20141 0
10.22889 0
10.25752 0
10.28631 0
10.31473 0
10.34377 0
10.37508 0
10.40443 0
10.4334 0
10.46181 0
10.49653 0
10.52899 0
10.55757 0
10.5859 0
10.6137 0
10.64168 0
10.67001 0
10.71311 0
10.74096 0
10.76905 0
10.79744 0
10.82606 0
10.85452 0
10.88257 0
10.91105 0
10.94002 0
10.96917 0
10.99861 0
11.02887 0
11.05947 0
11.091 0
11.1222 0
11.15362 0
11.18571 0
11.21795 0
11.25018 0
11.28161 0
11.31381 0
11.34632 0
11.37996 0
11.41553 0
11.44843 0
11.48274 0
11.51745 0
11.55133 0
11.58574 0
11.62157 0
11.65617 0
11.69114 0
11.72623 0
11.76201 0
11.80436 0
11.84339 0
11.87937 0
11.91547 0
11.9513 0
11.98833 0
12.02506 0
12.06309 0
12.10061 0
12.13802 0
12.17463 0
12.2129 0
12.25066 0
12.28928 0
12.32876 0
12.36687 0
12.40843 0
12.44838 0
12.48723 0
12.52789 0
12.57026 0
12.61428 0
12.65615 0
12.69569 0
12.73538 0
12.7764 0
12.81735 0
12.85777 0
12.90005 0
12.9398 0
12.98092 0
13.02105 0
13.0623 0
13.11164 0
13.15375 0
13.19717 0
13.23894 0
13.27934 0
13.32015 0
13.34015 0
13.36015 0
13.38913 0
13.43046 0
13.47077 0
13.51339 0
13.55394 0
13.59564 0
13.62906 0
13.66226 0
13.69477 0
13.7313 0
13.77137 0
13.81088 0
13.85058 0
13.89006 0
13.93087 0
13.97063 0
14.01093 0
14.04991 0
14.09041 0
14.12981 0
14.16987 0
14.21 0
14.24926 0
14.28867 0
14.32917 0
14.36902 0
14.40932 0
14.44987 0
14.49066 0
14.52565 0
14.55862 0
14.5916 0
14.62457 0
14.65812 0
14.69112 0
14.72415 0
14.7572 0
14.79027 0
14.82318 0
14.85657 0
14.88934 0
14.92184 0
14.95692 0
14.98975 0
15.02257 0
15.05574 0
15.08992 0
15.12286 0
15.15586 0
15.18914 0
15.22215 0
15.25999 0
15.30034 0
15.34105 0
15.37856 0
15.41639 0
15.455 0
15.49387 0
15.53229 0
15.57143 0
15.60968 0
15.64784 0
15.68606 0
15.72483 0
15.76377 0
15.80252 0
15.84073 0
15.87236 0
15.90422 0
15.93615 0
15.96863 0
16.00017 0
16.03185 0
16.06469 0
16.09499 0
16.12582 0
16.1563 0
16.18706 0
16.21942 0
