1.941833 0
2.275167 0
2.335044 0
2.383917 0
2.428504 0
2.471815 0
2.514836 0
2.555688 0
2.595568 0
2.63422 0
2.674262 0
2.71199 0
2.738942 0
2.763844 0
2.788743 0
2.813644 0
2.838543 0
2.873878 0
2.900026 0
2.926131 0
2.957133 0
2.98853 0
3.019234 0
3.049897 0
3.080547 0
3.110911 0
3.141263 0
3.171739 0
3.202208 0
3.233301 0
3.263266 0
3.294263 0
3.324905 0
3.355309 0
3.386023 0
3.416589 0
3.447469 0
3.478892 0
3.509713 0
3.540833 0
3.572283 0
3.603596 0
3.63473 0
3.665066 0
3.696064 0
3.726381 0
3.757007 0
3.787678 0
3.818614 0
3.849782 0
3.881439 0
3.912668 0
3.943818 0
3.974571 0
4.005885 0
4.035701 0
4.066469 0
4.09764 0
4.128144 0
4.159135 0
4.189483 0
4.220347 0
4.251525 0
4.282405 0
4.313783 0
4.344479 0
4.375929 0
4.406819 0
4.4387 0
4.469122 0
4.500167 0
4.531091 0
4.562341 0
4.594518 0
4.626097 0
4.657268 0
4.689205 0
4.720258 0
4.753986 0
4.787379 0
4.825425 0
4.862246 0
4.894831 0
4.927818 0
4.961088 0
4.992024 0
5.024548 0
5.05785 0
5.090083 0
5.122776 0
5.156489 0
5.192051 0
5.225883 0
5.260245 0
5.29443 0
5.327943 0
5.362333 0
5.394795 0
5.429069 0
5.463435 0
5.49716 0
5.532026 0
5.566256 0
5.600467 0
5.634665 0
5.671441 0
5.706527 0
5.740828 0
5.774918 0
5.809684 0
5.84976 0
5.886936 0
5.921046 0
5.955035 0
5.988895 0
6.022634 0
6.056519 0
6.091635 0
6.126713 0
6.161644 0
6.19671 0
6.232236 0
6.269017 0
6.315383 0
6.351788 0
6.387817 0
6.424891 0
6.462071 0
6.500638 0
6.539172 0
6.577877 0
6.615168 0
6.653439 0
6.691635 0
6.730011 0
6.770884 0
6.810942 0
7.144276 0
7.197924 0
7.242512 0
7.286765 0
7.33065 0
7.37486 0
7.418121 0
7.462354 0
7.506423 0
7.551025 0
7.596123 0
7.640569 0
7.684411 0
7.728981 0
7.773753 0
7.819788 0
7.865898 0
7.912412 0
7.95857 0
8.005187 0
8.048339 0
8.082157 0
8.117328 0
8.153958 0
8.197454 0
8.241266 0
8.283772 0
8.325554 0
8.368295 0
8.411196 0
8.452387 0
8.495317 0
8.537865 0
8.581015 0
8.623363 0
8.665106 0
8.706959 0
8.749935 0
8.791533 0
8.833587 0
8.875694 0
8.919307 0
8.961531 0
9.004052 0
9.046331 0
9.089272 0
9.131655 0
9.174376 0
9.216428 0
9.259152 0
9.30106 0
9.342952 0
9.383787 0
9.425114 0
9.465682 0
9.507 0
9.549415 0
9.59002 0
9.630399 0
9.670137 0
9.710064 0
9.749996 0
9.789605 0
9.830281 0
9.870131 0
9.910078 0
9.951879 0
9.993291 0
10.03464 0
10.07656 0
10.1178 0
10.15859 0
10.19931 0
10.23993 0
10.28018 0
10.3219 0
10.36233 0
10.40296 0
10.44337 0
10.48428 0
10.52576 0
10.56963 0
10.61123 0
10.65401 0
10.69651 0
10.73931 0
10.78124 0
10.82441 0
10.86646 0
10.90934 0
10.95182 0
10.99441 0
11.03644 0
11.07782 0
11.11918 0
11.16043 0
11.20239 0
11.23755 0
11.27187 0
11.30606 0
11.34087 0
11.37448 0
11.40853 0
11.44229 0
11.47703 0
11.51149 0
11.54549 0
11.57953 0
11.61469 0
11.6488 0
11.68232 0
11.71689 0
11.7506 0
11.78402 0
11.81801 0
11.85139 0
11.88499 0
11.93026 0
11.96143 0
11.9957 0
12.02818 0
12.06355 0
