1.314991 0
1.447237 0
1.529478 0
1.561486 0
1.597489 0
1.632768 0
1.665856 0
1.698672 0
1.733048 0
1.760687 0
1.786229 0
1.812085 0
1.840269 0
1.867176 0
1.892078 0
1.91698 0
1.94188 0
1.966779 0
1.991679 0
2.016579 0
2.044833 0
2.074091 0
2.113144 0
2.139468 0
2.167175 0
2.196228 0
2.225599 0
2.254013 0
2.297185 0
2.325999 0
2.355884 0
2.385095 0
2.41397 0
2.444006 0
2.472576 0
2.501225 0
2.531196 0
2.560022 0
2.588309 0
2.616887 0
2.645843 0
2.674268 0
2.703888 0
2.732057 0
2.760732 0
2.790169 0
2.818813 0
2.84778 0
2.876892 0
2.90726 0
2.936918 0
2.966237 0
2.995188 0
3.025289 0
3.055229 0
3.083584 0
3.112468 0
3.141367 0
3.171225 0
3.200747 0
3.230594 0
3.259999 0
3.288954 0
3.317558 0
3.346781 0
3.375722 0
3.404862 0
3.43435 0
3.463744 0
3.493167 0
3.522842 0
3.55322 0
3.583003 0
3.613215 0
3.642953 0
3.672807 0
3.702838 0
3.733477 0
3.9126 0
3.946518 0
3.983106 0
4.016704 0
4.050567 0
4.083951 0
4.133544 0
4.161256 0
4.195109 0
4.231314 0
4.265155 0
4.315894 0
4.344146 0
4.378478 0
4.405196 0
4.43252 0
4.459959 0
4.492037 0
4.519299 0
4.545901 0
4.572377 0
4.600735 0
4.626603 0
4.662774 0
4.692242 0
4.718563 0
4.746338 0
4.775791 0
4.806542 0
5.139875 0
5.223665 0
5.31135 0
5.347795 0
5.378185 0
5.41008 0
5.438677 0
5.474794 0
5.508811 0
5.544484 0
5.593007 0
5.627256 0
5.661819 0
5.696558 0
5.730839 0
5.765635 0
5.800093 0
5.834548 0
5.86921 0
5.903555 0
5.943303 0
5.977814 0
6.011384 0
6.047143 0
6.080685 0
6.117013 0
6.150574 0
6.201618 0
6.232156 0
6.267534 0
6.301804 0
6.358567 0
6.389552 0
6.422883 0
6.457236 0
6.490962 0
6.525292 0
6.565814 0
6.59903 0
6.633521 0
6.66829 0
6.702949 0
6.738373 0
6.774049 0
6.808647 0
6.843509 0
6.878404 0
6.913823 0
6.94904 0
6.984663 0
7.020832 0
7.055572 0
7.09126 0
7.126654 0
7.163599 0
7.200449 0
7.237669 0
7.27444 0
7.311852 0
7.348752 0
7.386397 0
7.425506 0
7.463408 0
7.502184 0
7.539795 0
7.576896 0
7.614508 0
7.652326 0
7.690275 0
7.728367 0
7.766566 0
7.804882 0
7.843272 0
7.881532 0
7.91959 0
7.9592 0
7.999264 0
8.037884 0
8.076505 0
8.115712 0
8.155635 0
8.192778 0
8.231743 0
8.270905 0
8.308892 0
8.347104 0
8.385346 0
8.425316 0
8.46248 0
8.500184 0
8.537625 0
8.577222 0
8.613495 0
8.651151 0
8.688386 0
8.725188 0
8.762101 0
8.799987 0
8.838211 0
8.87305 0
8.908387 0
8.944076 0
8.98065 0
9.018829 0
9.067197 0
9.105121 0
9.142861 0
9.181878 0
9.219982 0
9.25736 0
9.481301 0
9.527563 0
9.568965 0
9.609653 0
9.648957 0
9.686939 0
9.724432 0
9.762625 0
9.793754 0
9.825148 0
9.861613 0
9.899715 0
9.945877 0
9.985229 0
10.02562 0
10.06598 0
10.10619 0
10.14649 0
10.18644 0
10.22636 0
10.26703 0
10.3085 0
10.37262 0
10.40108 0
10.4399 0
10.47926 0
10.51876 0
10.55731 0
10.59656 0
10.63442 0
10.67152 0
10.70926 0
10.74805 0
10.78566 0
10.82386 0
10.86477 0
10.89884 0
10.93583 0
10.97357 0
11.0111 0
11.05038 0
11.0899 0
11.12774 0
11.16561 0
11.20397 0
11.24268 0
11.28159 0
11.3211 0
11.3604 0
11.39861 0
11.43726 0
11.47405 0
11.51053 0
11.54728 0
11.58411 0
11.62047 0
11.65705 0
11.69353 0
11.7304 0
11.76717 0
11.80305 0
11.83899 0
11.87439 0
11.91037 0
11.94563 0
11.98076 0
12.01633 0
12.05196 0
12.08744 0
12.12337 0
12.15884 0
12.19371 0
12.22903 0
12.26488 0
12.30164 0
12.33659 0
12.37138 0
12.40613 0
12.44158 0
12.47683 0
12.52975 0
12.55799 0
12.59357 0
12.62906 0
12.66523 0
12.7018 0
12.73782 0
12.77552 0
12.81218 0
12.84851 0
12.88535 0
12.92019 0
12.95486 0
12.98894 0
13.02261 0
13.05556 0
13.08799 0
13.122 0
13.15554 0
13.18937 0
13.2252 0
13.25843 0
13.29321 0
13.32799 0
13.36152 0
13.39558 0
13.42887 0
13.46295 0
13.50785 0
13.5411 0
13.57644 0
13.60948 0
13.64402 0
13.6781 0
13.71182 0
13.7473 0
13.78263 0
13.81767 0
13.85384 0
13.89518 0
13.9408 0
13.97625 0
14.01211 0
14.04845 0
14.08222 0
14.1166 0
14.1525 0
14.18814 0
14.22355 0
14.2587 0
14.29362 0
14.32933 0
14.36358 0
14.39817 0
14.43288 0
14.46967 0
14.5045 0
14.54185 0
14.59661 0
14.62446 0
14.66147 0
14.69879 0
14.73636 0
14.77734 0
14.8242 0
14.86172 0
14.90595 0
14.94957 0
14.98857 0
15.02678 0
15.06494 0
15.10275 0
15.14055 0
15.17325 0
15.20592 0
15.23621 0
15.26741 0
15.29984 0
15.33092 0
15.36341 0
15.39372 0
15.42473 0
15.45478 0
15.48529 0
15.51648 0
15.54708 0
15.57764 0
15.61117 0
15.64896 0
15.68649 0
15.7234 0
15.76123 0
15.79811 0
15.83536 0
15.87532 0
15.91324 0
15.95026 0
15.98728 0
16.02596 0
16.06871 0
16.10893 0
16.14603 0
16.18311 0
16.21979 0
16.25781 0
16.29572 0
16.33266 0
16.3701 0
16.4066 0
16.4429 0
16.48045 0
16.5188 0
16.55718 0
16.61343 0
16.6411 0
16.67918 0
16.7187 0
16.75404 0
16.7915 0
16.82908 0
16.86707 0
16.90447 0
16.94265 0
16.98008 0
17.01735 0
17.05408 0
17.09154 0
17.12855 0
17.16652 0
17.20497 0
17.24394 0
17.2813 0
17.31886 0
17.35702 0
17.39586 0
17.43472 0
17.47241 0
17.51032 0
17.55939 0
17.59569 0
17.63333 0
17.67276 0
17.70996 0
17.74782 0
17.78597 0
17.82295 0
17.85958 0
17.89718 0
17.93485 0
17.97179 0
18.00846 0
18.04522 0
18.08216 0
18.11868 0
18.15592 0
18.19346 0
18.22931 0
18.26723 0
18.30425 0
18.3418 0
18.3794 0
18.41731 0
18.45453 0
18.49189 0
18.52922 0
18.5671 0
18.6065 0
18.66178 0
18.691 0
18.72928 0
18.76746 0
18.80458 0
18.84511 0
18.89211 0
18.93061 0
18.97397 0
19.01573 0
19.05335 0
19.09101 0
19.12867 0
19.16691 0
19.20337 0
19.24043 0
19.27267 0
19.30314 0
19.33452 0
19.36559 0
19.39813 0
19.42852 0
19.45948 0
19.49017 0
19.52103 0
19.55129 0
19.58454 0
19.62326 0
19.66196 0
19.70086 0
19.74068 0
19.77933 0
19.82127 0
19.86125 0
19.90145 0
19.96319 0
20.00587 0
20.04465 0
20.08361 0
20.11713 0
20.15091 0
20.18361 0
20.21636 0
20.24838 0
20.28096 0
20.31327 0
20.3456 0
20.3777 0
20.41173 0
20.44604 0
20.47831 0
20.51159 0
20.55073 0
20.59071 0
20.65183 0
20.68111 0
20.72182 0
20.76156 0
20.80082 0
20.84063 0
20.88115 0
20.92132 0
20.95979 0
20.99652 0
21.0293 0
21.06233 0
21.09441 0
21.12623 0
21.15911 0
21.1933 0
21.23223 0
21.27224 0
21.31139 0
21.35147 0
21.39026 0
21.42882 0
21.46781 0
21.50788 0
21.54503 0
21.58372 0
21.62266 0
21.66251 0
21.7023 0
21.75412 0
21.79203 0
21.83081 0
21.86889 0
21.90759 0
21.94509 0
21.98311 0
22.02142 0
22.05976 0
22.09831 0
22.13552 0
22.17374 0
22.21227 0
22.25098 0
22.28988 0
22.33104 0
22.36911 0
22.40691 0
22.44559 0
22.48423 0
22.52319 0
22.56212 0
22.60198 0
22.63972 0
22.67855 0
22.73625 0
22.7653 0
22.80465 0
22.84367 0
22.88278 0
22.92318 0
22.96355 0
23.00389 0
23.04315 0
23.08225 0
23.1203 0
23.15871 0
23.19764 0
23.23611 0
23.27517 0
23.31527 0
23.35338 0
23.3925 0
23.43166 0
23.46993 0
23.5088 0
23.54815 0
23.58912 0
23.63118 0
23.67055 0
23.7095 0
23.74895 0
23.78676 0
23.82409 0
23.86135 0
23.89764 0
23.9324 0
23.96777 0
24.00105 0
24.03422 0
24.06786 0
24.09812 0
24.13017 0
24.16194 0
24.19756 0
24.2296 0
24.26103 0
24.29303 0
24.33216 0
24.36759 0
24.39979 0
24.43244 0
24.46436 0
24.49598 0
24.52807 0
24.56067 0
24.59397 0
24.62803 0
24.66242 0
24.69672 0
24.73104 0
24.76524 0
24.80106 0
24.83523 0
24.87088 0
24.90681 0
24.94235 0
24.97763 0
25.01298 0
25.05139 0
25.08629 0
25.12277 0
25.1589 0
25.19635 0
25.23525 0
25.27441 0
25.31247 0
25.35028 0
25.38781 0
25.42684 0
25.46652 0
25.50528 0
25.54384 0
25.58389 0
25.62145 0
25.66133 0
25.7017 0
25.74161 0
25.78106 0
25.82177 0
25.86019 0
25.89889 0
25.94879 0
25.98752 0
26.03866 0
26.07782 0
26.11719 0
26.15565 0
26.19777 0
26.23635 0
26.27729 0
26.32596 0
26.36918 0
26.40305 0
26.43871 0
26.47158 0
26.50509 0
26.54402 0
26.59336 0
26.63927 0
26.68261 0
26.72336 0
26.76391 0
26.82448 0
26.85358 0
26.89676 0
26.94456 0
26.99057 0
27.03358 0
27.07515 0
27.11495 0
27.15454 0
27.19422 0
27.23618 0
27.28491 0
27.32657 0
27.36353 0
27.39568 0
27.42724 0
27.4605 0
27.49184 0
27.52638 0
27.56968 0
27.60262 0
27.63622 0
27.67447 0
27.70949 0
27.74169 0
27.77412 0
27.80724 0
27.83896 0
27.8707 0
27.90384 0
27.93656 0
27.96885 0
28.00063 0
28.03322 0
28.06699 0
28.09932 0
28.13379 0
28.17926 0
28.2238 0
28.26395 0
28.30423 0
28.3443 0
28.38477 0
28.42446 0
28.46502 0
28.50482 0
28.54564 0
28.58531 0
28.62537 0
28.66581 0
28.70082 0
28.73408 0
28.76685 0
28.80028 0
28.84938 0
28.87428 0
28.90781 0
28.94311 0
28.97905 0
29.0179 0
29.07111 0
29.11087 0
29.15082 0
29.19168 0
29.23218 0
29.27251 0
29.31247 0
29.35261 0
29.39354 0
29.43519 0
29.4761 0
29.51653 0
29.55009 0
29.58273 0
29.61572 0
29.64896 0
29.68204 0
29.71502 0
29.74953 0
29.78218 0
29.8152 0
29.85 0
29.88237 0
29.95358 0
29.99481 0
30.04906 0
30.09123 0
30.13116 0
30.17152 0
30.21242 0
30.25307 0
30.29442 0
30.33559 0
30.37681 0
30.41852 0
30.45278 0
30.48647 0
30.52442 0
30.5653 0
30.6068 0
30.6481 0
30.69055 0
30.73222 0
30.77409 0
30.81468 0
30.87745 0
30.90655 0
30.94714 0
30.98833 0
31.05002 0
31.07954 0
31.12455 0
31.16707 0
31.21522 0
31.26006 0
31.31126 0
31.34677 0
31.38184 0
31.41463 0
31.44773 0
31.49538 0
31.52896 0
31.56723 0
31.60347 0
31.6374 0
31.67122 0
31.70852 0
31.74843 0
31.78938 0
31.83105 0
31.87436 0
31.91522 0
31.95545 0
31.99585 0
32.03685 0
32.08411 0
32.12788 0
32.1686 0
32.20909 0
32.24216 0
32.27575 0
32.30928 0
32.3432 0
32.37675 0
32.40976 0
32.44272 0
32.47628 0
32.5099 0
32.54393 0
32.57714 0
32.61102 0
32.64544 0
32.67978 0
32.71416 0
32.74766 0
32.78181 0
32.81616 0
32.84995 0
32.88828 0
32.9537 0
32.98513 0
33.02809 0
33.07224 0
33.12136 0
33.16753 0
33.21651 0
33.25966 0
33.30231 0
33.34621 0
33.38878 0
33.43221 0
33.47614 0
33.52016 0
33.56421 0
33.6074 0
33.64659 0
33.68073 0
33.7149 0
33.74909 0
33.78328 0
33.81787 0
33.8512 0
33.88538 0
33.93774 0
33.97042 0
34.00479 0
34.03905 0
34.07343 0
34.1083 0
34.14299 0
34.17778 0
34.22227 0
34.25571 0
34.28912 0
34.32293 0
34.35685 0
34.39069 0
34.42418 0
34.45901 0
34.493 0
34.52805 0
34.56155 0
34.59578 0
34.63003 0
34.66411 0
34.69791 0
34.73159 0
34.76522 0
34.80011 0
34.83642 0
34.87814 0
34.92071 0
34.96445 0
35.02991 0
35.05903 0
35.10127 0
35.14452 0
35.1875 0
35.22967 0
35.27275 0
35.315 0
35.35777 0
35.4001 0
35.43508 0
35.46891 0
35.50432 0
35.53846 0
35.57321 0
35.60806 0
35.64499 0
35.6783 0
35.71304 0
35.74685 0
35.78072 0
35.8154 0
35.85001 0
35.88459 0
35.93039 0
35.96501 0
35.99937 0
36.03391 0
36.06874 0
36.10298 0
36.13955 0
36.17451 0
36.20792 0
36.24178 0
36.27765 0
