2.379153 
3.435491 
4.495485 
5.531937 
6.608464 
7.671165 
8.726855 
9.773964 
10.82023 
11.86558 
12.91728 
13.98083 
15.04726 
16.12869 
17.1843 
18.26647 
19.32086 
20.39173 
21.43341 
22.51735 
23.57634 
24.65784 
25.73947 
26.82418 
27.8833 
28.97361 
30.04371 
31.12555 
32.20879 
33.27684 
34.3201 
35.37409 
36.44161 
37.4985 
38.55424 
39.61487 
40.67416 
41.71469 
42.77534 
43.84153 
44.88613 
45.96398 
47.02369 
48.07165 
49.12055 
50.1675 
51.2388 
52.32289 
53.40359 
54.45561 
55.54188 
56.62747 
57.68368 
58.72422 
59.80729 
60.86497 
61.90841 
62.95844 
64.01462 
65.06538 
66.13889 
67.20448 
68.25794 
69.32454 
70.40163 
71.45547 
72.51189 
73.57745 
74.63605 
75.68897 
76.75196 
77.81156 
78.8508 
79.91585 
80.97658 
82.03438 
83.08776 
84.15957 
85.20364 
86.27881 
87.35501 
88.42883 
89.46835 
90.514 
91.56887 
92.62547 
93.68246 
94.74223 
95.79348 
96.87307 
97.94554 
99.00754 
100.0621 
101.129 
102.1789 
103.2578 
104.3081 
105.3856 
106.4489 
107.4991 
108.5361 
109.5835 
110.6368 
111.7027 
112.7472 
113.8088 
114.8622 
115.9913 
117.1665 
118.2628 
119.4368 
